1.000000000 0.000000000 0.000000000 0.000000000 0.000000000 1.000000000 0.000000000 0.000000000 0.000000000 0.000000000 1.000000000 0.000000000
0.999948144 0.007885955 0.006429852 0.014944931 -0.007800021 0.999881387 -0.013282103 -0.001823043 -0.006533831 0.013231263 0.999891102 -0.046310537
0.998797774 0.005723178 -0.048683573 0.193253666 -0.006151284 0.999943674 -0.008648325 -0.024247229 0.048631340 0.008937396 0.998776734 0.024710109
0.998902619 0.008436427 -0.046069205 0.194613099 -0.008979362 0.999892533 -0.011590989 -0.024493365 0.045966458 0.011991942 0.998871028 0.020762969
0.999726593 -0.017255409 -0.015778165 0.208989933 0.016516393 0.998812914 -0.045825716 -0.024430463 0.016550176 0.045552589 0.998824835 -0.000446966
0.999965250 -0.004189427 0.007216138 0.215214536 0.004626801 0.998083830 -0.061701123 -0.025177384 -0.006943820 0.061732356 0.998068511 -0.025837414
0.999702156 -0.023677535 -0.005914514 0.223415554 0.023471782 0.999188840 -0.032722462 -0.023717511 0.006684505 0.032573897 0.999446988 -0.053140063
0.999799252 -0.017453987 0.009837164 0.230104610 0.017855255 0.998945534 -0.042298194 -0.023836581 -0.009088516 0.042465348 0.999056637 -0.068223961
0.999605894 -0.027841344 0.003574068 0.232306346 0.027976304 0.998551369 -0.045960795 -0.026049845 -0.002289280 0.046042673 0.998936892 -0.089108132
0.999632418 -0.027106082 0.000527825 0.237150222 0.027105562 0.998836756 -0.039879564 -0.025718378 0.000553768 0.039879207 0.999204338 -0.088963479
0.999584615 -0.028786503 0.001325429 0.236003667 0.028814282 0.999064624 -0.032243248 -0.025327330 -0.000396018 0.032268044 0.999479175 -0.086576015
0.999809563 -0.017613774 0.008409477 0.230243608 0.017710244 0.999776602 -0.011538716 -0.027596597 -0.008204356 0.011685451 0.999898076 -0.079808742
0.999728620 -0.013838167 0.018741557 0.218924209 0.013794737 0.999901831 0.002444764 -0.030171476 -0.018773548 -0.002185566 0.999821365 -0.065392271
0.999803245 -0.013561728 0.014471269 0.201904178 0.013384781 0.999835312 0.012255042 -0.037628014 -0.014635086 -0.012058938 0.999820113 -0.038890291
0.999125183 0.005732666 0.041425001 0.179248139 -0.006980502 0.999524415 0.030041190 -0.036353476 -0.041233078 -0.030304078 0.998689830 0.018531118
0.999717891 0.013044282 0.019844757 0.148135304 -0.013809127 0.999147475 0.038905393 -0.042800013 -0.019320343 -0.039168455 0.999045968 0.130575299
0.999830067 -0.018434204 -0.000163269 0.139570281 0.018434390 0.999694109 0.016488891 -0.055484157 -0.000140745 -0.016489100 0.999864042 0.225650430
0.999308944 0.034178041 0.014610070 0.107550196 -0.034635939 0.998876929 0.032329559 -0.068698332 -0.013488702 -0.032813255 0.999370396 0.244071350
0.999473691 0.021541251 0.024259288 0.154463425 -0.021935092 0.999629796 0.016087305 -0.040386479 -0.023903780 -0.016610965 0.999576271 0.211749718
0.999184668 0.021128647 0.034403767 0.118431553 -0.021651274 0.999654651 0.014889992 -0.032202337 -0.034077279 -0.015622735 0.999297082 0.244961098
0.999171674 0.021766633 0.034386195 0.108167186 -0.022299424 0.999635816 0.015187515 -0.039394978 -0.034043100 -0.015941724 0.999293268 0.228306144
0.999304950 0.020525981 0.031113263 0.123208612 -0.021003416 0.999665439 0.015096714 -0.032735404 -0.030792976 -0.015739707 0.999401867 0.247564107
0.999323189 0.019579288 0.031141680 0.126117140 -0.020060917 0.999682724 0.015229178 -0.032939557 -0.030833626 -0.015843600 0.999399006 0.245150641
0.999326527 0.019988284 0.030776832 0.125439242 -0.020446625 0.999683559 0.014650243 -0.029413262 -0.030474264 -0.015269657 0.999418914 0.243215039
0.999277592 0.020493526 0.032003649 0.121565446 -0.020970551 0.999673009 0.014641587 -0.030351901 -0.031693123 -0.015302144 0.999380529 0.242878184
0.999307930 0.020757619 0.030864658 0.122083835 -0.021180118 0.999685585 0.013425513 -0.026731394 -0.030576270 -0.014069939 0.999433398 0.246544048
0.999245167 0.022158083 0.031908229 0.115066245 -0.022592625 0.999655962 0.013322815 -0.024786718 -0.031602047 -0.014033650 0.999401927 0.244066611
0.999254763 0.020771544 0.032533430 0.114857145 -0.021232529 0.999678075 0.013888836 -0.028347300 -0.032234471 -0.014569253 0.999374151 0.241944626
0.999285281 0.019109817 0.032614544 0.115699954 -0.019585503 0.999705493 0.014328443 -0.029341646 -0.032331128 -0.014956974 0.999365270 0.242975250
0.999292672 0.018807763 0.032567259 0.116412088 -0.019281616 0.999711812 0.014297462 -0.030511446 -0.032288972 -0.014915297 0.999367297 0.244741395
0.999315619 0.017748779 0.032452010 0.116377376 -0.018227207 0.999728620 0.014506591 -0.030603418 -0.032185726 -0.015088172 0.999368072 0.245082289
0.999279320 0.019277835 0.032696392 0.116459750 -0.019751636 0.999703646 0.014230322 -0.030375458 -0.032412358 -0.014865872 0.999364078 0.244610161
0.999303162 0.019100418 0.032068230 0.119818509 -0.019564539 0.999707460 0.014222031 -0.031650491 -0.031787198 -0.014839521 0.999384522 0.248064846
0.999296665 0.019126868 0.032255925 0.119845800 -0.019597659 0.999705076 0.014343011 -0.031906426 -0.031972069 -0.014965062 0.999376774 0.248545021
0.999279380 0.019676836 0.032457158 0.119911388 -0.020156167 0.999691606 0.014507572 -0.031874258 -0.032161683 -0.015151327 0.999367893 0.248398677
0.999280870 0.020239707 0.032063849 0.119781360 -0.020696238 0.999688208 0.013970753 -0.031819355 -0.031771082 -0.014624306 0.999388158 0.248037368
0.999274969 0.020286821 0.032216880 0.120068960 -0.020736830 0.999691129 0.013695863 -0.031388305 -0.031929083 -0.014354010 0.999387085 0.247811824
0.999244750 0.021833628 0.032144386 0.124120809 -0.022292240 0.999653697 0.013978730 -0.031826224 -0.031828046 -0.014684740 0.999385536 0.237563044
0.999262691 0.021258693 0.031972196 0.124361612 -0.021718659 0.999664605 0.014108557 -0.031945139 -0.031661544 -0.014792548 0.999389231 0.237703145
0.999256015 0.021145564 0.032253630 0.124314025 -0.021617800 0.999663115 0.014363594 -0.032111812 -0.031939037 -0.015050159 0.999376535 0.237705112
0.999257505 0.021032091 0.032280255 0.124282658 -0.021506993 0.999664485 0.014435684 -0.032135535 -0.031965811 -0.015119215 0.999374568 0.237476707
0.999256492 0.021105709 0.032264922 0.124198206 -0.021575900 0.999665022 0.014294703 -0.032131452 -0.031952415 -0.014980219 0.999377191 0.237188503
0.999256015 0.020908581 0.032407362 0.124154240 -0.021391161 0.999664366 0.014616466 -0.032012280 -0.032090880 -0.015298823 0.999367893 0.237107009
0.999261618 0.020812688 0.032297280 0.123969756 -0.021287099 0.999669492 0.014415065 -0.031486981 -0.031986587 -0.015091934 0.999374390 0.236700878
0.999261558 0.020739829 0.032345943 0.123951063 -0.021222869 0.999667227 0.014662337 -0.031504620 -0.032031085 -0.015337983 0.999369204 0.236964718
0.999276996 0.020259172 0.032172736 0.124276921 -0.020750221 0.999672115 0.015002982 -0.031843349 -0.031858243 -0.015659725 0.999369681 0.237459973
0.999272525 0.020484366 0.032169290 0.124425516 -0.020975148 0.999667585 0.014993555 -0.032195617 -0.031851463 -0.015657399 0.999370039 0.237757355
0.999262631 0.020531518 0.032443751 0.123945415 -0.021013342 0.999672830 0.014580497 -0.031548861 -0.032133780 -0.015251493 0.999367237 0.236604571
0.999270856 0.020364957 0.032294035 0.124197751 -0.020857384 0.999670148 0.014985383 -0.032100309 -0.031978205 -0.015648026 0.999366045 0.237122118
0.999269366 0.020368531 0.032339495 0.124288000 -0.020862224 0.999669731 0.015002514 -0.032042101 -0.032023236 -0.015666226 0.999364316 0.237313047
0.999268353 0.020866061 0.032052163 0.125540957 -0.021340877 0.999666512 0.014544012 -0.032168821 -0.031737998 -0.015217390 0.999380469 0.236858279
0.999266028 0.020878350 0.032116104 0.125276387 -0.021357302 0.999664605 0.014643013 -0.032203861 -0.031799614 -0.015318179 0.999376893 0.237983540
0.999263167 0.020700322 0.032319773 0.124524556 -0.021179391 0.999669790 0.014551451 -0.031382293 -0.032007881 -0.015225242 0.999371707 0.236978248
0.999262214 0.020958882 0.032182287 0.125145197 -0.021435034 0.999664783 0.014522353 -0.031980075 -0.031867124 -0.015201468 0.999376535 0.236812621
0.999269903 0.020625597 0.032160107 0.120335124 -0.021093773 0.999675512 0.014286811 -0.030140266 -0.031854995 -0.014954756 0.999380648 0.240483820
0.999283493 0.020343162 0.031915016 0.121835403 -0.020822236 0.999674439 0.014750822 -0.030856716 -0.031604543 -0.015404793 0.999381781 0.240803659
0.999285996 0.020181835 0.031939749 0.122146711 -0.020665366 0.999675810 0.014881697 -0.030755345 -0.031629052 -0.015531116 0.999378979 0.240787476
0.999303579 0.019569330 0.031772744 0.122827359 -0.020051351 0.999687672 0.014923699 -0.030612588 -0.031470776 -0.015550392 0.999383688 0.242003858
0.999302089 0.019762464 0.031696711 0.122752003 -0.020239240 0.999685824 0.014792016 -0.030710902 -0.031394422 -0.015423208 0.999388158 0.241166368
0.999327481 0.018864285 0.031440057 0.122577541 -0.019330421 0.999706626 0.014588794 -0.029836556 -0.031155631 -0.015186732 0.999399126 0.242016360
0.999339163 0.018450048 0.031314500 0.122313976 -0.018917112 0.999713063 0.014685049 -0.029977623 -0.031034581 -0.015267722 0.999401689 0.241537854
0.999324262 0.019067533 0.031421248 0.122279301 -0.019523473 0.999707520 0.014268167 -0.029421449 -0.031140005 -0.014871976 0.999404371 0.241630077
0.999331832 0.018631667 0.031441968 0.121552810 -0.019091250 0.999714375 0.014380534 -0.029468732 -0.031165048 -0.014971192 0.999402165 0.244111061
0.999301970 0.019635493 0.031778887 0.120416716 -0.020095630 0.999696851 0.014225190 -0.029716615 -0.031489935 -0.014853878 0.999393761 0.242635280
0.999336660 0.019959847 0.030458704 0.124299139 -0.020385992 0.999697745 0.013744918 -0.028637443 -0.030175142 -0.014356731 0.999441564 0.246712089
0.999390244 0.018080601 0.029870681 0.126723722 -0.018512119 0.999727368 0.014233184 -0.030852599 -0.029605191 -0.014777477 0.999452412 0.246299446
0.999391854 0.017261017 0.030297332 0.127719149 -0.017715424 0.999733627 0.014794440 -0.031749815 -0.030033898 -0.015322173 0.999431431 0.241995052
0.999364018 0.018277058 0.030617815 0.127642736 -0.018743856 0.999711275 0.015028899 -0.032215990 -0.030334292 -0.015593235 0.999418199 0.241304830
0.999363780 0.018402752 0.030551534 0.125937670 -0.018868299 0.999709070 0.015020282 -0.032458629 -0.030266233 -0.015587180 0.999420345 0.239610821
0.999350131 0.018345395 0.031030342 0.123173803 -0.018828487 0.999704838 0.015348326 -0.032618441 -0.030739615 -0.015922604 0.999400616 0.237363949
0.999392688 0.016213860 0.030844044 0.122294575 -0.016687665 0.999745727 0.015166377 -0.032122485 -0.030590290 -0.015671881 0.999409199 0.236666322
0.999357820 0.017763853 0.031119170 0.122818150 -0.018250702 0.999714315 0.015431062 -0.032744024 -0.030836163 -0.015989099 0.999396563 0.239218056
0.999357402 0.017968856 0.031011635 0.123242550 -0.018452689 0.999711335 0.015386519 -0.033090774 -0.030726209 -0.015948880 0.999400616 0.239596650
0.999368906 0.018510846 0.030315023 0.126946107 -0.018989505 0.999698281 0.015578479 -0.033495817 -0.030017508 -0.016144315 0.999418974 0.239090115
0.999375880 0.017774647 0.030524846 0.128059462 -0.018254776 0.999712884 0.015523197 -0.032536622 -0.030240159 -0.016070735 0.999413431 0.237662807
0.999391198 0.017718237 0.030054810 0.128491133 -0.018187851 0.999715626 0.015424526 -0.032692064 -0.029772967 -0.015961768 0.999429286 0.237174094
0.999367237 0.018179832 0.030569835 0.126759559 -0.018647797 0.999712169 0.015093314 -0.033345338 -0.030286644 -0.015653824 0.999418616 0.243781790
0.999402821 0.016973699 0.030095864 0.129641965 -0.017434083 0.999733925 0.015101294 -0.032632258 -0.029831534 -0.015616969 0.999432862 0.249489307
0.999359131 0.019268364 0.030165635 0.132330939 -0.019730279 0.999691308 0.015090514 -0.033640515 -0.029865565 -0.015676020 0.999430835 0.251999825
0.999368310 0.019016648 0.030020272 0.132057905 -0.019465361 0.999702096 0.014726218 -0.032952048 -0.029731285 -0.015301272 0.999440730 0.255758643
0.999357522 0.019138223 0.030303063 0.131330684 -0.019586571 0.999702036 0.014568368 -0.032353982 -0.030015223 -0.015152540 0.999434531 0.257068098
0.999282300 0.021979405 0.030851671 0.131346717 -0.022427155 0.999647021 0.014242617 -0.032263037 -0.030527739 -0.014924310 0.999422431 0.256460309
0.999261916 0.022566902 0.031085823 0.131568789 -0.022999573 0.999642491 0.013632083 -0.031227408 -0.030767076 -0.014336980 0.999423742 0.257533729
0.999227822 0.024115952 0.031019099 0.132304326 -0.024547219 0.999606192 0.013598541 -0.031448044 -0.030678941 -0.014349473 0.999426305 0.259221524
0.999260843 0.023807950 0.030182375 0.136095539 -0.024227299 0.999613822 0.013605003 -0.030494742 -0.029846814 -0.014326183 0.999451816 0.260820061
0.999295712 0.023407884 0.029327396 0.139414921 -0.023802651 0.999629736 0.013184614 -0.029735578 -0.029007910 -0.013873395 0.999482930 0.260522008
0.999380291 0.020664811 0.028496459 0.143415183 -0.021068834 0.999680698 0.013951373 -0.030162869 -0.028199062 -0.014543116 0.999496520 0.260323048
0.999441803 0.017666211 0.028354714 0.144815296 -0.018068625 0.999738753 0.013999193 -0.030154238 -0.028099993 -0.014503709 0.999499917 0.262400746
0.999412775 0.019729348 0.028014705 0.146182179 -0.020123338 0.999701500 0.013852131 -0.029780541 -0.027733061 -0.014407746 0.999511480 0.259620965
0.999405384 0.019755919 0.028258182 0.145649433 -0.020156568 0.999699295 0.013964438 -0.030557979 -0.027973803 -0.014525724 0.999503076 0.258222580
0.999402344 0.019876538 0.028281586 0.144916996 -0.020285580 0.999692619 0.014250383 -0.030828940 -0.027989648 -0.014815576 0.999498367 0.257794082
0.999396265 0.020715715 0.027891690 0.146043316 -0.021108981 0.999680877 0.013880038 -0.030764697 -0.027595256 -0.014460423 0.999514639 0.258032292
0.999417126 0.019596394 0.027953817 0.141807169 -0.020006629 0.999695063 0.014472020 -0.031968590 -0.027661692 -0.015022844 0.999504447 0.254806995
0.999394715 0.020484142 0.028119029 0.141351551 -0.020909399 0.999670088 0.014913522 -0.032060090 -0.027804263 -0.015492447 0.999493361 0.254477024
0.999332130 0.022164419 0.029053396 0.138432622 -0.022599721 0.999635935 0.014741056 -0.031520113 -0.028716085 -0.015387806 0.999469221 0.251530379
0.999296486 0.022728933 0.029831361 0.135674775 -0.023162991 0.999629617 0.014286362 -0.030244179 -0.029495597 -0.014967294 0.999452889 0.250372171
0.999380887 0.020360369 0.028695550 0.140460059 -0.020792285 0.999673784 0.014834340 -0.033239864 -0.028384162 -0.015421797 0.999478161 0.248813733
0.999366820 0.020543557 0.029053323 0.139095888 -0.020966759 0.999677420 0.014337295 -0.031927165 -0.028749410 -0.014937367 0.999475062 0.247714967
0.999370456 0.020716604 0.028801465 0.141306609 -0.021146428 0.999668300 0.014699758 -0.032358967 -0.028487384 -0.015299549 0.999477088 0.247779071
0.999374151 0.020105334 0.029104179 0.138379171 -0.020545101 0.999678135 0.014890594 -0.032608673 -0.028795429 -0.015479220 0.999465525 0.244466245
0.999370694 0.020093687 0.029231027 0.138470590 -0.020532442 0.999679863 0.014787770 -0.032039631 -0.028924530 -0.015378647 0.999463379 0.244595647
0.999367952 0.020073475 0.029336939 0.137953341 -0.020512510 0.999680996 0.014741540 -0.031662442 -0.029031662 -0.015333993 0.999460995 0.244306147
0.999377251 0.019589679 0.029348956 0.138451576 -0.020046487 0.999681294 0.015351987 -0.032431886 -0.029038860 -0.015930768 0.999451458 0.244205087
0.999400616 0.019491419 0.028610107 0.142713979 -0.019936223 0.999683559 0.015344808 -0.032537267 -0.028301958 -0.015905986 0.999472916 0.246673748
0.999383748 0.019879743 0.028928544 0.140829489 -0.020319838 0.999681175 0.014999545 -0.032698222 -0.028621132 -0.015578124 0.999469042 0.244816169
0.999380887 0.019854432 0.029044682 0.140856117 -0.020301811 0.999678612 0.015190078 -0.033011567 -0.028733756 -0.015770331 0.999462783 0.244774148
0.999369979 0.020115472 0.029238638 0.139830410 -0.020560725 0.999675989 0.015007954 -0.032956988 -0.028927272 -0.015599665 0.999459922 0.244610205
0.999372184 0.020037539 0.029219162 0.139981121 -0.020488594 0.999674261 0.015219886 -0.033720609 -0.028904678 -0.015808988 0.999457300 0.243521020
0.999363065 0.020518571 0.029194200 0.139515802 -0.020960279 0.999669254 0.014905196 -0.033191230 -0.028878711 -0.015507622 0.999462724 0.243997872
0.999376655 0.020043891 0.029059561 0.140723616 -0.020489730 0.999675691 0.015126299 -0.033257086 -0.028746946 -0.015712293 0.999463379 0.245857507
0.999397278 0.019735491 0.028557178 0.141815200 -0.020173021 0.999682307 0.015115042 -0.032832954 -0.028249802 -0.015682017 0.999477983 0.247547328
0.999393463 0.019983033 0.028520206 0.142972380 -0.020421496 0.999676526 0.015166005 -0.033235453 -0.028207919 -0.015739229 0.999478281 0.248533502
0.999383152 0.020437021 0.028557029 0.142749682 -0.020868292 0.999671459 0.014886466 -0.032871544 -0.028243413 -0.015473220 0.999481440 0.248831049
0.999353349 0.020987911 0.029194986 0.140251890 -0.021421943 0.999663532 0.014633940 -0.033062685 -0.028878028 -0.015249890 0.999466717 0.246277407
0.999371767 0.020622466 0.028820749 0.141861260 -0.021050155 0.999671638 0.014615717 -0.032527193 -0.028509872 -0.015213217 0.999477863 0.249708593
0.999372780 0.020628745 0.028782574 0.141522273 -0.021051729 0.999673724 0.014470772 -0.032432087 -0.028474672 -0.015067618 0.999481142 0.248638034
0.999380827 0.020166123 0.028831843 0.141974762 -0.020601036 0.999677241 0.014867621 -0.032864526 -0.028522717 -0.015452379 0.999473870 0.251370966
0.999348521 0.021222124 0.029184990 0.140549213 -0.021641277 0.999666095 0.014121860 -0.031942260 -0.028875545 -0.014744263 0.999474347 0.249753982
0.999348044 0.021266196 0.029171381 0.139864147 -0.021696433 0.999659359 0.014512051 -0.034023196 -0.028852828 -0.015135506 0.999469101 0.250300139
0.999314189 0.022576751 0.029347446 0.139202684 -0.022991661 0.999639511 0.013877928 -0.031508591 -0.029023549 -0.014543160 0.999472976 0.247588754
0.999368012 0.020451130 0.029070560 0.137620941 -0.020875311 0.999678791 0.014363541 -0.032496992 -0.028767472 -0.014961321 0.999474168 0.247697428
0.999397576 0.019716671 0.028559238 0.137145817 -0.020123787 0.999698877 0.014038405 -0.032520764 -0.028273851 -0.014604669 0.999493420 0.247854665
0.999343157 0.021259699 0.029345715 0.135855958 -0.021673316 0.999669015 0.013849038 -0.032276422 -0.029041586 -0.014475961 0.999473393 0.249830291
0.999294102 0.021548934 0.030772114 0.129551917 -0.021989511 0.999659479 0.014051393 -0.031864457 -0.030458843 -0.014718138 0.999427676 0.246860355
0.999288023 0.021257907 0.031170730 0.130548075 -0.021736138 0.999649942 0.015084381 -0.032014642 -0.030839147 -0.015751172 0.999400198 0.247080266
0.999340057 0.020471506 0.030004583 0.131997868 -0.020923911 0.999671042 0.014842341 -0.032380182 -0.029690858 -0.015460359 0.999439538 0.245009750
0.999312043 0.020585420 0.030849123 0.131497085 -0.021077173 0.999654531 0.015701061 -0.033365507 -0.030515250 -0.016340472 0.999400735 0.246302113
0.999340951 0.020725574 0.029803304 0.132470474 -0.021170508 0.999668002 0.014691567 -0.032371365 -0.029488916 -0.015312832 0.999447763 0.245611116
0.999314308 0.021404035 0.030212307 0.130362883 -0.021824297 0.999668777 0.013649704 -0.031685654 -0.029910132 -0.014299705 0.999450266 0.241478041
0.999332607 0.020431029 0.030283585 0.131159484 -0.020890597 0.999670327 0.014937561 -0.033107579 -0.029968407 -0.015560230 0.999429762 0.244381621
0.999346256 0.020205909 0.029981930 0.131612822 -0.020653861 0.999678552 0.014706837 -0.032310739 -0.029675126 -0.015316463 0.999442220 0.245675564
0.999336720 0.020298358 0.030235788 0.131319791 -0.020751856 0.999675751 0.014761064 -0.032495733 -0.029926356 -0.015378717 0.999433815 0.244633391
0.999345362 0.020312645 0.029940020 0.131460309 -0.020760750 0.999675989 0.014732618 -0.032103449 -0.029631061 -0.015344549 0.999443054 0.245811686
0.999335647 0.020464966 0.030159095 0.130880296 -0.020905351 0.999678493 0.014359681 -0.031207267 -0.029855521 -0.014980625 0.999441981 0.244979903
0.999348700 0.020204855 0.029899234 0.131234705 -0.020654621 0.999676943 0.014811076 -0.031400859 -0.029590320 -0.015418985 0.999443173 0.248030707
0.999349117 0.020032721 0.030002870 0.131565392 -0.020487715 0.999678612 0.014935070 -0.032146689 -0.029694038 -0.015540034 0.999438286 0.246535107
0.999333024 0.020131877 0.030466467 0.128578275 -0.020595878 0.999675453 0.014993410 -0.032629766 -0.030154735 -0.015610892 0.999423325 0.242059976
0.999337375 0.020155117 0.030309709 0.129958600 -0.020608453 0.999679387 0.014719533 -0.031726960 -0.030003315 -0.015334416 0.999432266 0.246332303
0.999339342 0.020513114 0.030002225 0.131279200 -0.020954020 0.999675870 0.014456011 -0.031187553 -0.029695963 -0.015075125 0.999445319 0.246763095
0.999326408 0.020308763 0.030566551 0.130073771 -0.020770838 0.999673665 0.014876266 -0.031680789 -0.030254455 -0.015501140 0.999422073 0.245827943
0.999336600 0.020074256 0.030385755 0.130156666 -0.020536706 0.999676704 0.014984545 -0.032468613 -0.030075129 -0.015598627 0.999425948 0.245268688
0.999320030 0.020429077 0.030694414 0.129366219 -0.020872813 0.999681115 0.014206295 -0.030666066 -0.030394409 -0.014837314 0.999427855 0.245255530
0.999301136 0.020827601 0.031041104 0.126132667 -0.021273999 0.999673963 0.014120579 -0.031152653 -0.030736888 -0.014771080 0.999418318 0.241591737
0.999314129 0.020766692 0.030661205 0.127256215 -0.021204935 0.999676585 0.014037722 -0.030895881 -0.030359773 -0.014678262 0.999431312 0.243264794
0.999308467 0.020809622 0.030815631 0.127113029 -0.021263914 0.999668896 0.014488550 -0.031760354 -0.030503923 -0.015133791 0.999420047 0.242503807
0.999306321 0.020664047 0.030982399 0.128011674 -0.021123966 0.999670446 0.014591488 -0.032249004 -0.030670669 -0.015235838 0.999413431 0.243298650
0.999314189 0.020720899 0.030690616 0.129046574 -0.021177310 0.999668837 0.014621773 -0.032151774 -0.030377479 -0.015261688 0.999422014 0.244920745
0.999307394 0.020781074 0.030869432 0.129112408 -0.021244889 0.999665141 0.014773930 -0.032839656 -0.030552080 -0.015419517 0.999414206 0.244592950
0.999323487 0.020331955 0.030645251 0.130288512 -0.020815937 0.999662280 0.015557704 -0.035033099 -0.030318586 -0.016185092 0.999409199 0.244454429
0.999329984 0.020435970 0.030363955 0.130475283 -0.020919172 0.999658167 0.015682127 -0.034945630 -0.030033099 -0.016306810 0.999415934 0.245436221
0.999328494 0.020342126 0.030476615 0.129993185 -0.020815346 0.999666333 0.015291392 -0.034295753 -0.030155391 -0.015915506 0.999418497 0.245410651
0.999347925 0.020155752 0.029961098 0.131990790 -0.020632248 0.999664187 0.015680581 -0.034633938 -0.029634984 -0.016288519 0.999428153 0.248219386
0.999331594 0.020399638 0.030333817 0.130303860 -0.020861695 0.999670029 0.014994767 -0.032774996 -0.030017918 -0.015617562 0.999427378 0.246195123
0.999335945 0.020476799 0.030143244 0.130026668 -0.020936832 0.999667823 0.015025939 -0.032913845 -0.029825548 -0.015647065 0.999432683 0.248239130
0.999329329 0.020621832 0.030261731 0.129910320 -0.021068273 0.999672711 0.014508677 -0.031492293 -0.029952632 -0.015136508 0.999436677 0.246715173
0.999336958 0.020946668 0.029784996 0.130605429 -0.021382215 0.999667943 0.014380602 -0.032384411 -0.029473878 -0.015007936 0.999452829 0.249088138
0.999330282 0.020981599 0.029986633 0.130480066 -0.021425631 0.999664307 0.014564012 -0.032180801 -0.029670997 -0.015196741 0.999444187 0.248427972
0.999310493 0.021382580 0.030361678 0.127660245 -0.021830227 0.999656618 0.014489609 -0.033058621 -0.030041438 -0.015142418 0.999433935 0.250005633
0.999319494 0.020669155 0.030552562 0.127882987 -0.021133654 0.999664664 0.014959633 -0.033174876 -0.030233128 -0.015595143 0.999421179 0.248049870
0.999311626 0.021058166 0.030542441 0.128787562 -0.021506540 0.999664426 0.014427027 -0.033353720 -0.030228391 -0.015073958 0.999429405 0.246538192
0.999299288 0.021359613 0.030735964 0.130434692 -0.021808950 0.999659181 0.014359090 -0.032178298 -0.030418783 -0.015019352 0.999424398 0.247390091
0.999339342 0.019645652 0.030572740 0.130220622 -0.020099120 0.999691367 0.014596363 -0.032942358 -0.030276550 -0.015201206 0.999425888 0.249635085
0.999321699 0.020375757 0.030676184 0.129923314 -0.020838860 0.999672472 0.014853179 -0.033005897 -0.030363489 -0.015482360 0.999418974 0.250703394
0.999309480 0.020714495 0.030850088 0.130499810 -0.021189656 0.999660850 0.015155972 -0.032833859 -0.030525664 -0.015799211 0.999409020 0.250281543
0.999318779 0.020501807 0.030689154 0.130527213 -0.020972680 0.999665976 0.015100786 -0.033159595 -0.030369310 -0.015734134 0.999414921 0.251324207
0.999304473 0.021726603 0.030306449 0.132207721 -0.022174001 0.999648869 0.014505211 -0.032091547 -0.029980661 -0.015167138 0.999435365 0.250612915
0.999337018 0.020407356 0.030146616 0.132773921 -0.020854957 0.999675810 0.014608474 -0.032398324 -0.029838720 -0.015227498 0.999438703 0.250377536
0.999320865 0.020695738 0.030486766 0.131530538 -0.021142874 0.999672472 0.014417878 -0.033019070 -0.030178394 -0.015052665 0.999431193 0.252983153
0.999361575 0.019550556 0.029903360 0.131743044 -0.019993244 0.999693871 0.014577092 -0.033198386 -0.029609218 -0.015165651 0.999446511 0.254520535
0.999350011 0.019923354 0.030041588 0.131157592 -0.020362394 0.999689162 0.014379973 -0.033471264 -0.029745758 -0.014982346 0.999445200 0.253703564
0.999331951 0.020261619 0.030416295 0.129821643 -0.020715974 0.999677300 0.014697726 -0.033071522 -0.030108681 -0.015318011 0.999429226 0.253731579
0.999338865 0.020134695 0.030272244 0.130347148 -0.020556433 0.999695122 0.013685453 -0.030618910 -0.029987460 -0.014298693 0.999448001 0.248989388
0.999330938 0.019830463 0.030731419 0.125212163 -0.020299317 0.999681115 0.015020346 -0.033132400 -0.030423760 -0.015634123 0.999414802 0.244296908
0.999316275 0.019555749 0.031375751 0.121739745 -0.020037822 0.999684811 0.015124373 -0.033119485 -0.031070096 -0.015742734 0.999393225 0.238708168
0.999296665 0.019624611 0.031952113 0.113873743 -0.020095875 0.999692976 0.014495390 -0.032433935 -0.031657834 -0.015127300 0.999384284 0.236644357
0.999256432 0.020097975 0.032905977 0.109833963 -0.020610917 0.999670208 0.015323827 -0.033111058 -0.032587145 -0.015990654 0.999340892 0.233285278
0.999329686 0.018222600 0.031750262 0.115172967 -0.018704055 0.999713540 0.014933225 -0.031959567 -0.031469047 -0.015517075 0.999384224 0.238961816
0.999288261 0.019774321 0.032122020 0.116047814 -0.020256532 0.999685884 0.014756455 -0.030369334 -0.031820126 -0.015396633 0.999374986 0.235669717
0.999290466 0.019273914 0.032356981 0.119383112 -0.019770427 0.999690413 0.015095695 -0.031128801 -0.032056015 -0.015724696 0.999362350 0.238918200
0.999244690 0.019973736 0.033329207 0.119109087 -0.020477049 0.999680281 0.014828963 -0.031219602 -0.033022355 -0.015500248 0.999334395 0.239566505
0.999223769 0.020907670 0.033383526 0.120023176 -0.021384317 0.999673486 0.013985102 -0.030378850 -0.033080228 -0.014688135 0.999344766 0.240264818
0.999234498 0.020426543 0.033357549 0.119403236 -0.020925885 0.999673069 0.014689555 -0.031437717 -0.033046581 -0.015376351 0.999335527 0.240059882
0.999253094 0.021217026 0.032295898 0.120809846 -0.021678282 0.999666929 0.013999745 -0.031009011 -0.031988103 -0.014689409 0.999380231 0.238903329
0.999221861 0.021163033 0.033283774 0.117764316 -0.021627452 0.999672771 0.013655808 -0.030993128 -0.032983895 -0.014365026 0.999352634 0.234547973
0.999227345 0.020912554 0.033278346 0.117683098 -0.021398064 0.999668717 0.014300607 -0.032436710 -0.032968264 -0.015001651 0.999343753 0.235415116
0.999303937 0.019705780 0.031674311 0.122241847 -0.020187581 0.999684274 0.014964099 -0.030464837 -0.031369433 -0.015593111 0.999386251 0.243411079
0.999284685 0.020721983 0.031635396 0.122432269 -0.021171369 0.999678612 0.013936801 -0.030007791 -0.031336430 -0.014596594 0.999402225 0.242665619
0.999251068 0.020586060 0.032763608 0.119606540 -0.021075575 0.999670327 0.014666247 -0.032687750 -0.032450885 -0.015345775 0.999355555 0.237653434
0.999255419 0.020918023 0.032422021 0.120254174 -0.021382488 0.999672711 0.014045674 -0.031847540 -0.032117605 -0.014728481 0.999375582 0.239384770
0.999238610 0.021462623 0.032586038 0.112995483 -0.021939021 0.999656498 0.014333230 -0.033065267 -0.032267228 -0.015037220 0.999366045 0.246684954
0.999292016 0.020150345 0.031771779 0.117015481 -0.020607729 0.999687672 0.014134780 -0.027581790 -0.031477034 -0.014779513 0.999395132 0.248465613
0.999241352 0.021895694 0.032207746 0.116351165 -0.022309927 0.999672174 0.012558718 -0.028136196 -0.031922206 -0.013267741 0.999402165 0.243411571
0.999224007 0.021700108 0.032871429 0.114917561 -0.022109408 0.999681771 0.012139701 -0.026744567 -0.032597531 -0.012857048 0.999385774 0.240600243
0.999233425 0.021037007 0.033017665 0.115532912 -0.021463031 0.999690175 0.012601981 -0.026233511 -0.032742318 -0.013300975 0.999375284 0.239276096
0.999216616 0.021556040 0.033189848 0.111156441 -0.021986684 0.999678016 0.012665410 -0.027699376 -0.032906141 -0.013385220 0.999368787 0.242326453
0.999273121 0.020265391 0.032289326 0.115961805 -0.020713426 0.999692917 0.013602070 -0.026275229 -0.032003757 -0.014261006 0.999386013 0.244163275
0.999293029 0.020150689 0.031741064 0.118594028 -0.020598846 0.999691844 0.013855862 -0.026935073 -0.031452071 -0.014499896 0.999400020 0.245740831
0.999284625 0.020332629 0.031890608 0.118546993 -0.020782840 0.999688029 0.013849874 -0.027115172 -0.031599049 -0.014502742 0.999395430 0.245806381
0.999295592 0.020292668 0.031569969 0.118920848 -0.020727556 0.999693871 0.013509579 -0.026439101 -0.031286158 -0.014154430 0.999410152 0.245879352
0.999270916 0.020806475 0.032010350 0.115599543 -0.021259073 0.999677896 0.013864365 -0.028940724 -0.031711567 -0.014534770 0.999391317 0.246771708
0.999263108 0.020694746 0.032327961 0.116065912 -0.021160947 0.999676049 0.014146044 -0.029422654 -0.032024737 -0.014819710 0.999377191 0.244850814
0.999258578 0.020861153 0.032358520 0.116695277 -0.021315802 0.999677896 0.013769560 -0.028770616 -0.032060850 -0.014449100 0.999381423 0.243496999
0.999260902 0.020632552 0.032435317 0.117010213 -0.021085288 0.999684036 0.013678579 -0.027415350 -0.032142844 -0.014352376 0.999380231 0.241653532
0.999257267 0.020258784 0.032778218 0.116515592 -0.020724444 0.999688148 0.013929528 -0.028263044 -0.032485802 -0.014598493 0.999365568 0.239916742
0.999248564 0.020924175 0.032629624 0.116828829 -0.021366335 0.999683738 0.013261592 -0.027602853 -0.032341816 -0.013948801 0.999379516 0.240145341
0.999243319 0.021331536 0.032522053 0.116394162 -0.021764517 0.999678373 0.013018030 -0.027975051 -0.032233894 -0.013716007 0.999386251 0.241235614
0.999243200 0.021262106 0.032571904 0.115825623 -0.021710742 0.999673367 0.013482654 -0.028386880 -0.032274596 -0.014179612 0.999378502 0.242222726
0.999248564 0.021393457 0.032319948 0.115638927 -0.021833526 0.999672830 0.013325036 -0.028227976 -0.032024309 -0.014020683 0.999388754 0.242208660
0.999253213 0.021207843 0.032299485 0.115475945 -0.021664761 0.999669194 0.013862633 -0.029819530 -0.031994805 -0.014552043 0.999382079 0.244715944
0.999261379 0.021246694 0.032020554 0.116488487 -0.021685466 0.999674797 0.013418346 -0.028260358 -0.031725045 -0.014102817 0.999397099 0.245417595
0.999277294 0.020950655 0.031717852 0.117187425 -0.021398785 0.999675035 0.013855773 -0.029335391 -0.031417254 -0.014524484 0.999400854 0.247933447
0.999300420 0.020540360 0.031256519 0.120887116 -0.020998944 0.999675632 0.014414681 -0.029800259 -0.030950299 -0.015060950 0.999407470 0.248041481
0.999297202 0.020235743 0.031556539 0.122075349 -0.020688633 0.999686718 0.014091766 -0.028107347 -0.031261489 -0.014734725 0.999402583 0.244588256
0.999290526 0.020644166 0.031501602 0.123176649 -0.021085881 0.999683082 0.013754660 -0.028655425 -0.031207666 -0.014409141 0.999409020 0.244354680
0.999293387 0.020833727 0.031285156 0.123937495 -0.021277551 0.999676704 0.013921197 -0.029475346 -0.030985009 -0.014577031 0.999413610 0.244893327
0.999316275 0.019610401 0.031342793 0.123617530 -0.020088363 0.999685645 0.015008106 -0.029237585 -0.031038621 -0.015627472 0.999396026 0.246021688
0.999308705 0.020504139 0.031009648 0.125853464 -0.020950180 0.999680698 0.014128008 -0.029765829 -0.030710066 -0.014767900 0.999419212 0.243822411
0.999305487 0.020633049 0.031030320 0.125622064 -0.021076361 0.999679625 0.014027703 -0.029611260 -0.030730940 -0.014671967 0.999419987 0.244329467
0.999299705 0.020634722 0.031214843 0.125544190 -0.021078408 0.999680459 0.013952318 -0.029276174 -0.030916970 -0.014600506 0.999415278 0.243609548
0.999298215 0.020719137 0.031207319 0.124610975 -0.021156657 0.999681532 0.013755389 -0.029210137 -0.030912383 -0.014405977 0.999418259 0.243381187
0.999286711 0.020814957 0.031509854 0.123754807 -0.021257764 0.999679029 0.013783842 -0.029173015 -0.031212829 -0.014443841 0.999408424 0.242651790
0.999280035 0.021369575 0.031348862 0.124244764 -0.021793734 0.999674737 0.013251597 -0.029656131 -0.031055480 -0.013925266 0.999420643 0.242572039
0.999283791 0.021090062 0.031418677 0.124643497 -0.021519627 0.999678612 0.013397556 -0.029607790 -0.031126026 -0.014064077 0.999416471 0.241976917
0.999276221 0.021580707 0.031326473 0.125253335 -0.022004241 0.999670267 0.013238810 -0.030126816 -0.031030439 -0.013918545 0.999421477 0.241418272
0.999282002 0.021050991 0.031499848 0.124425270 -0.021493964 0.999673903 0.013790840 -0.030547377 -0.031199263 -0.014457997 0.999408543 0.242738068
0.999287128 0.020980855 0.031385679 0.125405818 -0.021421349 0.999675810 0.013765002 -0.030195244 -0.031086704 -0.014427514 0.999412477 0.242078856
0.999299228 0.021007715 0.030981356 0.125351623 -0.021435544 0.999678493 0.013542359 -0.029306684 -0.030686904 -0.014196970 0.999428213 0.244646102
0.999296486 0.021210559 0.030930765 0.126774341 -0.021631354 0.999677181 0.013333873 -0.028926341 -0.030637961 -0.013993568 0.999432564 0.243119970
0.999310851 0.020773012 0.030765394 0.128006756 -0.021192409 0.999686003 0.013369298 -0.027992709 -0.030478012 -0.014012075 0.999437213 0.244535968
0.999319434 0.020696910 0.030534748 0.128103510 -0.021116551 0.999686122 0.013485123 -0.028027197 -0.030246062 -0.014120733 0.999442756 0.245774031
0.999312818 0.020807143 0.030677950 0.127909988 -0.021222973 0.999686420 0.013291947 -0.027840922 -0.030391758 -0.013933888 0.999440968 0.244091496
0.999346852 0.020367157 0.029853912 0.130077451 -0.020785455 0.999689221 0.013768634 -0.027798273 -0.029564204 -0.014380165 0.999459505 0.246930957
0.999333084 0.020369608 0.030306693 0.128606290 -0.020796321 0.999688089 0.013831859 -0.027624490 -0.030015487 -0.014452901 0.999444902 0.245873243
0.999314606 0.020494038 0.030827528 0.128185034 -0.020951927 0.999673843 0.014604126 -0.031857066 -0.030518174 -0.015240014 0.999417961 0.244308293
0.999336123 0.020462843 0.030143239 0.130233005 -0.020900071 0.999679863 0.014262035 -0.030629642 -0.029841749 -0.014882564 0.999443829 0.247039825
0.999340355 0.020588545 0.029914252 0.133565098 -0.021017490 0.999679863 0.014096155 -0.030216189 -0.029614456 -0.014715578 0.999453068 0.244813144
0.999319553 0.020373339 0.030748468 0.129546925 -0.020820582 0.999681056 0.014295796 -0.030232958 -0.030447409 -0.014926269 0.999424934 0.242322311
0.999323606 0.020320108 0.030652059 0.129826069 -0.020783406 0.999673426 0.014872566 -0.031789050 -0.030339839 -0.015499561 0.999419391 0.242960557
0.999335647 0.020178847 0.030354349 0.131201878 -0.020637337 0.999676466 0.014867915 -0.031306732 -0.030044517 -0.015484470 0.999428511 0.245003641
0.999352157 0.020070305 0.029873367 0.130940020 -0.020521916 0.999678552 0.014888567 -0.032930888 -0.029564941 -0.015491978 0.999442816 0.248957127
0.999356866 0.020318819 0.029547552 0.134550735 -0.020753089 0.999680102 0.014465566 -0.031483471 -0.029244175 -0.015069467 0.999458671 0.247369632
0.999375880 0.020355755 0.028870068 0.137815133 -0.020798912 0.999669135 0.015133668 -0.033510525 -0.028552454 -0.015724689 0.999468625 0.249670535
0.999294341 0.020336511 0.031579040 0.124191098 -0.020802541 0.999678433 0.014499719 -0.030438937 -0.031274013 -0.015146412 0.999396086 0.243109301
0.999251068 0.021152446 0.032403309 0.121167645 -0.021585438 0.999681532 0.013071349 -0.026776509 -0.032116499 -0.013760997 0.999389410 0.238904580
0.999309242 0.020718526 0.030851582 0.127406120 -0.021179086 0.999668062 0.014676871 -0.032313891 -0.030537251 -0.015320137 0.999416232 0.244280934
0.999319494 0.020540152 0.030638404 0.128253132 -0.020996835 0.999672115 0.014659105 -0.031727109 -0.030327257 -0.015292441 0.999423027 0.243898273
0.999318123 0.020358844 0.030802481 0.127833754 -0.020821251 0.999674261 0.014766531 -0.032033265 -0.030491810 -0.015397809 0.999416411 0.243941724
0.999305010 0.020852521 0.030899128 0.126370430 -0.021311538 0.999666214 0.014601191 -0.032195833 -0.030584343 -0.015249551 0.999415874 0.244672701
0.999302268 0.020411426 0.031280715 0.125387996 -0.020889450 0.999668837 0.015031924 -0.031265754 -0.030963534 -0.015674872 0.999397576 0.243404895
0.999292076 0.020682389 0.031423811 0.123767823 -0.021180345 0.999653935 0.015597061 -0.035328530 -0.031090353 -0.016251588 0.999384463 0.245513722
0.999306083 0.020729419 0.030943204 0.125621021 -0.021206245 0.999660075 0.015161971 -0.033696279 -0.030618386 -0.015807642 0.999406219 0.247009322
0.999308050 0.020802580 0.030833105 0.127226278 -0.021270823 0.999662161 0.014936943 -0.033459816 -0.030511962 -0.015582451 0.999412954 0.244879916
0.999328613 0.021096492 0.029953638 0.129326060 -0.021554876 0.999654174 0.015063595 -0.034625068 -0.029625492 -0.015699130 0.999437690 0.249789149
0.999311924 0.020623490 0.030823641 0.128637210 -0.021085240 0.999669313 0.014731293 -0.032658741 -0.030509632 -0.015371085 0.999416292 0.244556651
0.999294996 0.021272045 0.030935673 0.126215681 -0.021716906 0.999664605 0.014116011 -0.031932145 -0.030625015 -0.014777887 0.999421656 0.245834246
0.999306440 0.021110013 0.030678766 0.125759661 -0.021566497 0.999660492 0.014625478 -0.033072893 -0.030359596 -0.015276968 0.999422431 0.246360570
0.999288857 0.021118443 0.031237563 0.124489404 -0.021583512 0.999660075 0.014626580 -0.033010215 -0.030918051 -0.015290396 0.999405086 0.244319469
0.999355853 0.019894138 0.029871762 0.130932480 -0.020347957 0.999680936 0.014965790 -0.032257125 -0.029564502 -0.015563979 0.999441624 0.249911517
0.999306679 0.020397613 0.031147266 0.126998454 -0.020856118 0.999677837 0.014467266 -0.031283677 -0.030842135 -0.015106848 0.999410033 0.242123187
0.999305844 0.020319127 0.031225182 0.126544058 -0.020783940 0.999676943 0.014634244 -0.032124497 -0.030917739 -0.015273066 0.999405384 0.243129328
0.999301493 0.020920018 0.030965272 0.126124948 -0.021371474 0.999668956 0.014321001 -0.031663977 -0.030655425 -0.014972774 0.999417901 0.245241672
0.999306381 0.020483958 0.031099249 0.126149267 -0.020942731 0.999675632 0.014498631 -0.031710379 -0.030792171 -0.015139883 0.999411166 0.243829057
0.999291062 0.020851212 0.031348053 0.125898287 -0.021298204 0.999675214 0.013993368 -0.030172568 -0.031046089 -0.014651104 0.999410570 0.242788553
0.999280572 0.019990770 0.032228008 0.124517143 -0.020434737 0.999700069 0.013505843 -0.026197301 -0.031948350 -0.014154699 0.999389231 0.239257723
0.999292850 0.021036994 0.031166838 0.121474050 -0.021530174 0.999646962 0.015573677 -0.037330821 -0.030828213 -0.016233690 0.999392807 0.250881374
0.999319017 0.020039702 0.030980418 0.127348348 -0.020514304 0.999675930 0.015078183 -0.032286394 -0.030668214 -0.015703456 0.999406278 0.246847883
0.999307990 0.020167865 0.031253211 0.127715781 -0.020660518 0.999666095 0.015521193 -0.032239180 -0.030929746 -0.016156161 0.999391019 0.246042863
0.999324858 0.019496050 0.031140218 0.126276210 -0.019969285 0.999688685 0.014958894 -0.028501851 -0.030838883 -0.015570641 0.999403000 0.247284919
0.999339938 0.019445183 0.030683920 0.127440959 -0.019899918 0.999695659 0.014584945 -0.027730174 -0.030390970 -0.015185927 0.999422729 0.249452263
0.999304652 0.020155918 0.031370450 0.124929830 -0.020601522 0.999690473 0.013946750 -0.027650822 -0.031079629 -0.014583327 0.999410510 0.246340156
