1.000000000 0.000000000 0.000000000 0.000000000 0.000000000 1.000000000 0.000000000 0.000000000 0.000000000 0.000000000 1.000000000 0.000000000
0.999982595 0.003870203 -0.004447876 -0.001813649 -0.003643527 0.998748183 0.049887802 0.004731325 0.004635384 -0.049870729 0.998744905 -0.002096142
0.999960780 -0.001192083 -0.008777618 -0.001609285 0.001621228 0.998795152 0.049047202 0.004776658 0.008708576 -0.049059507 0.998757899 -0.002027302
0.999900281 -0.008710852 -0.011117549 -0.000133005 0.009083987 0.999381661 0.033965509 0.002840001 0.010814807 -0.034063112 0.999361098 -0.000793733
0.999897003 -0.012173082 -0.007605772 0.000361330 0.012256136 0.999864697 0.010970457 0.001694935 0.007471198 -0.011062544 0.999910831 0.000663030
0.999902189 -0.013816847 -0.002157252 0.000826606 0.013800486 0.999877155 -0.007423795 -0.000720782 0.002259561 0.007393298 0.999970078 0.003144485
0.999868214 -0.015796376 0.003732900 0.001813654 0.015859220 0.999721944 -0.017451616 -0.001835689 -0.003456190 0.017508516 0.999840677 0.005661351
0.999753892 -0.020796407 0.007720652 0.002043997 0.020930560 0.999623835 -0.017721865 -0.002069595 -0.007349195 0.017879104 0.999813080 0.006500996
0.999667645 -0.023550199 0.010486192 0.002008049 0.023663823 0.999661088 -0.010846559 -0.002049704 -0.010227200 0.011091102 0.999886096 0.006537002
0.999649048 -0.023057103 0.013041526 0.002012528 0.023091078 0.999730408 -0.002461002 -0.001804388 -0.012981266 0.002761282 0.999911904 0.006075491
0.999662280 -0.023905303 0.010194127 0.007206670 0.023868358 0.999708235 0.003729895 0.000841806 -0.010280316 -0.003485316 0.999941051 0.002043123
0.999721467 -0.022427162 0.007341304 0.007296220 0.022361400 0.999710202 0.008920117 0.001519825 -0.007539228 -0.008753469 0.999933183 0.002237095
0.999814034 -0.018133946 0.006543296 0.001627184 0.018036967 0.999730885 0.014587781 -0.000636321 -0.006806069 -0.014467047 0.999872148 0.005060961
0.999873161 -0.015734460 0.002477271 0.001445316 0.015696736 0.999770701 0.014572237 -0.000444643 -0.002705989 -0.014531503 0.999890685 0.004202061
0.999926746 -0.012085451 0.000399323 0.000589033 0.012078635 0.999828100 0.014068673 -0.000612325 -0.000569281 -0.014062821 0.999900877 0.003137791
0.999951363 -0.009839639 -0.000669673 0.000919667 0.009848408 0.999843776 0.014677476 -0.000152153 0.000525147 -0.014683355 0.999891996 0.002898046
0.999951601 -0.009826723 0.000222923 0.000117722 0.009821008 0.999784768 0.018277062 -0.000071997 -0.000402479 -0.018273985 0.999832869 0.002483216
0.999901533 -0.014026953 0.000117627 0.000703002 0.014020395 0.999629915 0.023313189 0.001327334 -0.000444597 -0.023309246 0.999728203 0.002294873
0.999841869 -0.017691176 0.001778170 0.000360873 0.017630551 0.999402702 0.029721010 0.002172431 -0.002302907 -0.029684957 0.999556720 0.003201258
0.999763072 -0.021562250 0.002935155 0.000497777 0.021445779 0.999151051 0.035173733 0.003439814 -0.003691087 -0.035102461 0.999376833 0.000743732
0.999739528 -0.022155704 0.005479890 0.000304146 0.021930175 0.999026895 0.038264491 0.005678936 -0.006322335 -0.038134344 0.999252617 0.001100280
0.999715686 -0.022930404 0.006540461 0.000658203 0.022658888 0.998984635 0.038938001 0.005935654 -0.007426684 -0.038778730 0.999220312 0.001556678
0.999723911 -0.022182129 0.007746447 0.000376453 0.021872165 0.999036908 0.038035572 0.006054590 -0.008582696 -0.037855644 0.999246299 0.001382928
0.999717474 -0.022519633 0.007598208 0.000880452 0.022225743 0.999076664 0.036767717 0.005987207 -0.008419187 -0.036588453 0.999294996 0.001379638
0.999718428 -0.022505395 0.007519871 0.000921580 0.022217870 0.999092042 0.036349434 0.006009736 -0.008331101 -0.036172122 0.999310851 0.001483745
0.999767959 -0.020174362 0.007566524 0.000737348 0.019882668 0.999123931 0.036824450 0.006075069 -0.008302804 -0.036665455 0.999293149 0.001381170
0.999807596 -0.018539039 0.006417642 0.001143297 0.018286103 0.999131143 0.037450898 0.006507848 -0.007106369 -0.037326343 0.999277830 0.001105220
0.999842763 -0.017141460 0.004560381 0.001213793 0.016959781 0.999161243 0.037271049 0.006755589 -0.005195437 -0.037187833 0.999294817 0.001471247
0.999858499 -0.016754853 0.001544157 0.001024842 0.016683605 0.999129772 0.038227990 0.006445723 -0.002183317 -0.038196813 0.999267817 -0.000220310
0.999844372 -0.017567273 -0.001637769 0.001236499 0.017616680 0.999128401 0.037843376 0.007459779 0.000971536 -0.037866335 0.999282360 0.001070227
0.999824464 -0.018385956 -0.003609253 0.001432933 0.018509183 0.999115944 0.037746284 0.007604528 0.002912062 -0.037806466 0.999280870 0.001084665
0.999837995 -0.017729934 -0.003115484 0.000817980 0.017833192 0.999155283 0.037022896 0.007698305 0.002456438 -0.037072457 0.999309540 0.000464299
0.999834597 -0.017963132 -0.002847912 0.001135543 0.018051930 0.999223173 0.035031624 0.008971375 0.002216422 -0.035077240 0.999382138 0.000162579
0.999808252 -0.019455750 -0.002227596 0.001771142 0.019516708 0.999305129 0.031753782 0.016964721 0.001608254 -0.031791165 0.999493301 0.000799713
0.999757111 -0.021950910 -0.002018158 0.002930057 0.021999948 0.999343276 0.028793391 0.023100475 0.001384791 -0.028830789 0.999583364 0.001454587
0.999772668 -0.021298399 -0.001028820 0.002211993 0.021317149 0.999475837 0.024363022 0.024342570 0.000509387 -0.024379412 0.999702632 -0.000670909
0.999839962 -0.017850928 -0.001187522 0.002648069 0.017862799 0.999781251 0.010880716 0.024104027 0.000993031 -0.010900189 0.999940097 -0.001630225
0.999877274 -0.015645705 0.000756674 0.002510773 0.015640562 0.999857306 0.006381821 0.024322344 -0.000856415 -0.006369204 0.999979377 -0.001625800
0.999868214 -0.016136600 0.001772966 0.002741079 0.016125599 0.999851704 0.006051965 0.024440335 -0.001870360 -0.006022578 0.999980092 -0.001821390
0.999874890 -0.015728882 0.001636073 0.002495903 0.015725540 0.999874294 0.002037277 0.024417093 -0.001667912 -0.002011294 0.999996603 -0.002387547
0.999849439 -0.017332844 0.000862905 0.002349715 0.017331732 0.999848962 0.001277801 0.024530062 -0.000884922 -0.001262654 0.999998808 -0.002643687
0.999840140 -0.017823244 0.001357571 0.002509236 0.017820690 0.999839365 0.001872102 0.024590166 -0.001390720 -0.001847610 0.999997377 -0.002325583
0.999859452 -0.016659847 0.001891910 0.002550187 0.016658628 0.999861062 0.000658115 0.024643673 -0.001902611 -0.000626506 0.999997973 -0.002206213
0.999842107 -0.017611533 0.002350242 0.002349583 0.017607020 0.999843121 0.001928000 0.024415853 -0.002383829 -0.001886315 0.999995410 -0.002245649
0.999847233 -0.017407339 0.001554917 0.002593727 0.017403943 0.999846160 0.002172576 0.024526497 -0.001592496 -0.002145182 0.999996483 -0.002583412
0.999846816 -0.017486563 0.000711910 0.002512790 0.017485954 0.999846756 0.000853230 0.024692191 -0.000726721 -0.000840651 0.999999404 -0.002527707
0.999836326 -0.018069025 0.000887592 0.002367778 0.018067643 0.999835551 0.001542344 0.024461105 -0.000915315 -0.001526055 0.999998391 -0.002851302
0.999847829 -0.017334502 0.001979042 0.002313614 0.017331704 0.999848783 0.001423610 0.024532771 -0.002003420 -0.001389093 0.999997079 -0.002319958
0.999840736 -0.017772600 0.001618124 0.002638821 0.017771196 0.999841690 0.000878801 0.024567839 -0.001633487 -0.000849905 0.999998331 -0.002408977
0.999844313 -0.017559327 0.001679924 0.002324838 0.017557759 0.999845386 0.000944325 0.024595717 -0.001696246 -0.000914683 0.999998152 -0.002217601
0.999842703 -0.017698042 0.001164363 0.002319618 0.017697012 0.999843061 0.000889882 0.024600701 -0.001179929 -0.000869136 0.999998927 -0.002741012
0.999837458 -0.017978953 0.001337791 0.002483118 0.017977968 0.999838114 0.000746086 0.024547718 -0.001350988 -0.000721914 0.999998868 -0.002238526
0.999830902 -0.018323217 0.001566474 0.002524142 0.018322606 0.999832094 0.000404872 0.024550000 -0.001573629 -0.000376102 0.999998748 -0.002331072
0.999833524 -0.018179530 0.001559386 0.002401941 0.018178189 0.999834418 0.000868447 0.024405638 -0.001574916 -0.000839956 0.999998450 -0.002604584
0.999841630 -0.017749729 0.001261345 0.002374427 0.017749086 0.999842346 0.000519990 0.024659690 -0.001270376 -0.000497520 0.999999106 -0.002251189
0.999844968 -0.017573077 0.001078799 0.002456731 0.017572710 0.999845564 0.000349233 0.024614206 -0.001084770 -0.000330221 0.999999404 -0.002580186
0.999838769 -0.017890746 0.001529565 0.002415502 0.017889922 0.999839842 0.000551759 0.024604917 -0.001539191 -0.000524307 0.999998689 -0.002153178
0.999841571 -0.017716095 0.001710259 0.002463864 0.017715620 0.999843121 0.000294489 0.024574915 -0.001715208 -0.000264145 0.999998510 -0.002430502
0.999839485 -0.017870529 0.001235690 0.002465416 0.017870426 0.999840319 0.000093537 0.024614973 -0.001237164 -0.000071440 0.999999225 -0.002293328
0.999828339 -0.018503709 0.000900660 0.002438142 0.018503428 0.999828756 0.000324022 0.024542814 -0.000906501 -0.000307301 0.999999583 -0.002501525
0.999842405 -0.017719021 0.001051266 0.002491080 0.017718840 0.999842942 0.000181452 0.024583802 -0.001054316 -0.000162796 0.999999464 -0.002335944
0.999841392 -0.017758626 0.001340965 0.002536352 0.017758274 0.999842286 0.000274866 0.024494652 -0.001345635 -0.000251009 0.999999046 -0.002749867
0.999833882 -0.018179782 0.001233164 0.002513036 0.018179812 0.999834776 -0.000014154 0.024643188 -0.001232703 0.000036570 0.999999225 -0.002374819
0.999836922 -0.018038379 0.000824480 0.002590840 0.018038431 0.999837279 -0.000053381 0.024581973 -0.000823383 0.000068245 0.999999702 -0.003056722
0.999830961 -0.018355470 0.000969461 0.002587791 0.018355578 0.999831557 -0.000104019 0.024537204 -0.000967388 0.000121797 0.999999523 -0.002703971
0.999842048 -0.017739795 0.001065849 0.002496996 0.017739706 0.999842703 0.000092907 0.024535688 -0.001067329 -0.000073984 0.999999464 -0.002550133
0.999828756 -0.018473191 0.001044582 0.002489930 0.018473212 0.999829412 -0.000010375 0.024496119 -0.001044213 0.000029669 0.999999464 -0.002712976
0.999838948 -0.017900603 0.001275626 0.002305757 0.017900713 0.999839723 -0.000074732 0.024479333 -0.001274084 0.000097555 0.999999225 -0.002641546
0.999834359 -0.018191544 0.000578370 0.002617783 0.018191565 0.999834538 -0.000029035 0.024461212 -0.000577746 0.000039551 0.999999881 -0.002585351
0.999838173 -0.017971881 0.000811841 0.002594363 0.017972168 0.999838412 -0.000351209 0.024726979 -0.000805398 0.000365742 0.999999642 -0.002523083
0.999829769 -0.018428085 0.000844421 0.002447911 0.018428421 0.999830067 -0.000386110 0.024549956 -0.000837162 0.000401606 0.999999583 -0.002841636
0.999838650 -0.017921271 0.001198916 0.002264327 0.017921796 0.999839306 -0.000430225 0.024562823 -0.001191013 0.000451643 0.999999166 -0.002549398
0.999842644 -0.017704627 0.001073471 0.002252535 0.017704908 0.999843240 -0.000252714 0.024414215 -0.001068828 0.000271680 0.999999404 -0.002754409
0.999841154 -0.017809892 0.000794552 0.002393488 0.017810142 0.999841332 -0.000310165 0.024511835 -0.000788902 0.000324266 0.999999583 -0.003090219
0.999834657 -0.018165592 0.000917658 0.002441689 0.018165899 0.999835014 -0.000329820 0.024517903 -0.000911515 0.000346436 0.999999464 -0.002748227
0.999836802 -0.018042674 0.000913830 0.002380487 0.018043095 0.999837101 -0.000457794 0.024541700 -0.000905421 0.000474207 0.999999464 -0.002767094
0.999838173 -0.017967064 0.000918007 0.002345468 0.017967446 0.999838412 -0.000409313 0.024494868 -0.000910504 0.000425741 0.999999464 -0.002774337
0.999840319 -0.017840082 0.001010213 0.002272750 0.017840529 0.999840677 -0.000435703 0.024468379 -0.001002279 0.000453656 0.999999344 -0.002807861
0.999842942 -0.017705068 0.000836967 0.002305662 0.017705437 0.999843121 -0.000430472 0.024483908 -0.000829214 0.000445223 0.999999523 -0.002831283
0.999846399 -0.017506912 0.000907300 0.002443032 0.017507397 0.999846578 -0.000527966 0.024464276 -0.000897918 0.000543769 0.999999404 -0.002656627
0.999841154 -0.017799389 0.001011438 0.002298903 0.017799815 0.999841511 -0.000415020 0.024479778 -0.001003890 0.000432958 0.999999344 -0.002536758
0.999839425 -0.017910032 0.000624660 0.002365530 0.017910233 0.999839485 -0.000314953 0.024434851 -0.000618919 0.000326090 0.999999702 -0.003026638
0.999841809 -0.017773042 0.000762945 0.002332763 0.017773496 0.999841928 -0.000589497 0.024510199 -0.000752348 0.000602964 0.999999523 -0.002654493
0.999842167 -0.017750582 0.000737806 0.002312718 0.017750926 0.999842346 -0.000464039 0.024534825 -0.000729453 0.000477063 0.999999583 -0.002973157
0.999832034 -0.018323565 0.000502569 0.002409063 0.018323921 0.999831796 -0.000704899 0.024550753 -0.000489568 0.000713990 0.999999583 -0.002934486
0.999840081 -0.017870916 0.000732848 0.002391298 0.017871656 0.999839783 -0.001015695 0.024536222 -0.000714579 0.001028630 0.999999166 -0.002549087
0.999827147 -0.018562527 0.001104466 0.002323834 0.018563747 0.999827087 -0.001106674 0.024431720 -0.001083732 0.001126986 0.999998689 -0.002551056
0.999834716 -0.018111905 0.001571887 0.002279244 0.018113540 0.999835432 -0.001032499 0.024457159 -0.001552928 0.001060801 0.999998152 -0.002484174
0.999826014 -0.018600781 0.001425077 0.002239931 0.018603118 0.999825597 -0.001643164 0.024440009 -0.001394265 0.001669389 0.999997616 -0.002549258
0.999828994 -0.018463178 0.001087273 0.002222989 0.018464774 0.999828339 -0.001476300 0.024387600 -0.001059829 0.001496124 0.999998331 -0.002620622
0.999841988 -0.017738027 0.001147416 0.002298475 0.017739706 0.999841571 -0.001468268 0.024587439 -0.001121190 0.001488391 0.999998271 -0.002457653
0.999826252 -0.018610992 0.001069446 0.002185114 0.018612629 0.999825597 -0.001541601 0.024395062 -0.001040569 0.001561239 0.999998212 -0.002810452
0.999839783 -0.017846497 0.001435474 0.002255566 0.017848674 0.999839544 -0.001520169 0.024519678 -0.001408114 0.001545547 0.999997735 -0.002477808
0.999827802 -0.018533235 0.000980851 0.002234788 0.018534843 0.999826849 -0.001657239 0.024457231 -0.000949967 0.001675134 0.999998152 -0.002685910
0.999835908 -0.018093670 0.000915478 0.002352620 0.018095220 0.999834776 -0.001710967 0.024469420 -0.000884369 0.001727252 0.999998033 -0.002664533
0.999824643 -0.018711723 0.000836714 0.002363463 0.018713243 0.999823213 -0.001844872 0.024474049 -0.000802045 0.001860206 0.999997914 -0.002593501
0.999831736 -0.018310511 0.001163574 0.002240229 0.018312361 0.999831021 -0.001597265 0.024446378 -0.001134131 0.001618304 0.999997973 -0.002839264
0.999825656 -0.018652458 0.000931473 0.002309847 0.018654294 0.999823987 -0.002006865 0.024477981 -0.000893876 0.002023890 0.999997497 -0.002809189
0.999831319 -0.018349838 0.000859705 0.002332936 0.018351229 0.999830186 -0.001631472 0.024430297 -0.000829622 0.001646973 0.999998212 -0.002733396
0.999835312 -0.018120803 0.001046707 0.002287728 0.018122623 0.999834180 -0.001756849 0.024444535 -0.001014698 0.001775529 0.999997854 -0.002630814
0.999824703 -0.018705787 0.000864004 0.002297408 0.018707445 0.999823093 -0.001949978 0.024430079 -0.000827376 0.001965800 0.999997675 -0.002882465
0.999823093 -0.018790204 0.000814465 0.002245530 0.018791746 0.999821544 -0.001928842 0.024545152 -0.000778077 0.001943805 0.999997735 -0.003088658
0.999823809 -0.018747475 0.000859222 0.002285121 0.018749038 0.999822497 -0.001853732 0.024441728 -0.000824317 0.001869515 0.999997914 -0.002726504
0.999820888 -0.018917618 0.000571066 0.002406925 0.018918788 0.999818802 -0.002116871 0.024499193 -0.000530917 0.002127295 0.999997556 -0.002793750
0.999822080 -0.018846236 0.000784609 0.002296203 0.018847773 0.999820292 -0.001994654 0.024436325 -0.000746876 0.002009088 0.999997616 -0.002765240
0.999817669 -0.019085476 0.000680987 0.002391607 0.019086901 0.999815464 -0.002147490 0.024497429 -0.000639875 0.002160097 0.999997377 -0.002627796
0.999825597 -0.018664254 0.000602068 0.002440446 0.018665420 0.999823809 -0.001993253 0.024421640 -0.000564760 0.002004144 0.999997795 -0.002503137
0.999827027 -0.018591858 0.000617927 0.002371215 0.018593073 0.999825120 -0.002019314 0.024430662 -0.000580277 0.002030454 0.999997735 -0.002726823
0.999827564 -0.018549507 0.000918107 0.002240075 0.018551335 0.999825835 -0.002020936 0.024440646 -0.000880460 0.002037620 0.999997497 -0.002690414
0.999828517 -0.018506456 0.000749935 0.002428787 0.018507998 0.999826431 -0.002104119 0.024458582 -0.000710865 0.002117638 0.999997437 -0.002762732
0.999821723 -0.018868621 0.000790551 0.002390967 0.018870270 0.999819636 -0.002132584 0.024439275 -0.000750170 0.002147121 0.999997377 -0.002630333
0.999826849 -0.018584460 0.000862300 0.002351849 0.018586129 0.999825299 -0.001972409 0.024410294 -0.000825493 0.001988094 0.999997675 -0.002595172
0.999835253 -0.018136607 0.000795488 0.002431141 0.018138248 0.999833286 -0.002104812 0.024458388 -0.000757181 0.002118894 0.999997437 -0.002597396
0.999828160 -0.018519359 0.000871436 0.002435568 0.018521249 0.999825954 -0.002212265 0.024477117 -0.000830315 0.002228025 0.999997139 -0.002593074
0.999831617 -0.018336730 0.000769069 0.002449615 0.018338334 0.999829531 -0.002130706 0.024490608 -0.000729868 0.002144450 0.999997377 -0.002815578
0.999831796 -0.018336104 0.000585912 0.002552456 0.018337427 0.999829113 -0.002336567 0.024506768 -0.000542969 0.002346918 0.999997079 -0.002393423
0.999822915 -0.018818730 0.000383300 0.002502316 0.018819567 0.999820232 -0.002308363 0.024515087 -0.000339790 0.002315167 0.999997199 -0.002624430
0.999824464 -0.018728264 0.000483786 0.002351906 0.018729288 0.999822140 -0.002207339 0.024475491 -0.000442360 0.002216012 0.999997437 -0.002896384
0.999816120 -0.019166684 0.000599452 0.002268822 0.019167943 0.999813974 -0.002173896 0.024416968 -0.000557674 0.002184986 0.999997377 -0.002757430
0.999823987 -0.018754743 0.000614018 0.002477338 0.018756213 0.999821007 -0.002477642 0.024592964 -0.000567440 0.002488722 0.999996662 -0.002775064
0.999829113 -0.018482404 0.000481915 0.002435331 0.018483480 0.999826431 -0.002333771 0.024498761 -0.000438698 0.002342279 0.999997139 -0.002739074
0.999824524 -0.018729245 0.000538989 0.002444574 0.018730456 0.999821782 -0.002337405 0.024514019 -0.000495115 0.002347090 0.999997139 -0.002574316
0.999821365 -0.018898565 0.000433045 0.002254158 0.018899500 0.999818742 -0.002262916 0.024367103 -0.000390201 0.002270696 0.999997258 -0.002828405
