1.000000000 0.000000000 0.000000000 0.000000000 0.000000000 1.000000000 0.000000000 0.000000000 0.000000000 0.000000000 1.000000000 0.000000000
0.999998510 -0.001127348 0.001313927 -0.000064885 0.001125732 0.999998629 0.001230429 0.000082720 -0.001315313 -0.001228948 0.999998391 -0.000111812
0.999998927 0.000026808 0.001472418 0.000138929 -0.000037334 0.999974430 0.007149172 -0.000258200 -0.001472189 -0.007149220 0.999973357 -0.000433168
0.999996364 -0.000937840 0.002520081 0.000179697 0.000919472 0.999973059 0.007279779 -0.000338643 -0.002526841 -0.007277436 0.999970317 -0.000497682
0.999993622 -0.000672239 0.003502806 0.000292287 0.000651905 0.999982953 0.005803028 -0.000205672 -0.003506647 -0.005800707 0.999977052 -0.000853990
0.999987423 -0.000836452 0.004940247 0.000293118 0.000814188 0.999989510 0.004506919 -0.000324074 -0.004943965 -0.004502840 0.999977648 -0.000916459
0.999988437 -0.000764428 0.004752481 0.000232820 0.000746054 0.999992251 0.003866783 -0.000335550 -0.004755400 -0.003863193 0.999981225 -0.000868473
0.999989688 -0.000094400 0.004541287 0.000284019 0.000083770 0.999997258 0.002340981 -0.000127773 -0.004541495 -0.002340577 0.999986947 -0.000459362
0.999993742 0.000091975 0.003531671 0.000258019 -0.000100043 0.999997377 0.002284389 -0.000111483 -0.003531452 -0.002284728 0.999991179 -0.000769067
0.999992907 0.000131734 0.003765317 0.000238081 -0.000140424 0.999997318 0.002307627 -0.000083791 -0.003765003 -0.002308140 0.999990225 -0.000512939
0.999996483 0.000540246 0.002591504 0.000200448 -0.000545921 0.999997437 0.002189807 -0.000184934 -0.002590314 -0.002191214 0.999994218 -0.000616561
0.999994755 0.001578478 0.002825096 0.000235184 -0.001584057 0.999996781 0.001973538 -0.000299505 -0.002821971 -0.001978003 0.999994040 -0.000732877
0.999996424 0.001715087 0.002055901 0.000240218 -0.001716625 0.999998271 0.000746635 -0.000157866 -0.002054617 -0.000750162 0.999997616 -0.000326079
0.999996126 0.002503780 0.001222616 -0.000001182 -0.002504873 0.999996483 0.000893189 -0.000190593 -0.001220375 -0.000896248 0.999998868 -0.000267078
0.999998748 0.001596998 0.000048068 -0.000052303 -0.001596977 0.999998629 -0.000447487 -0.000198732 -0.000048783 0.000447410 0.999999881 -0.000367308
0.999996185 0.002365663 -0.001429489 -0.000045676 -0.002365509 0.999997199 0.000109484 -0.000129370 0.001429744 -0.000106102 0.999998987 -0.000473591
0.999995291 0.001398834 -0.002735158 0.000113473 -0.001399382 0.999998987 -0.000198587 0.000047678 0.002734878 0.000202414 0.999996245 -0.000324191
0.999986172 0.001317157 -0.005092345 0.000055850 -0.001320660 0.999998868 -0.000684656 -0.000255332 0.005091437 0.000691372 0.999986827 -0.000758476
0.999972403 0.003500805 -0.006550218 0.000308389 -0.003505749 0.999993563 -0.000743437 -0.000071752 0.006547573 0.000766380 0.999978244 -0.000264293
0.999978781 0.001902730 -0.006234513 0.000165189 -0.001905533 0.999998093 -0.000443741 -0.000143095 0.006233657 0.000455612 0.999980450 -0.000188301
0.999980450 0.000755251 -0.006206771 -0.000043200 -0.000756287 0.999999702 -0.000164588 -0.000059365 0.006206645 0.000169279 0.999980748 -0.000020485
0.999967754 0.001151332 -0.007948346 0.000023938 -0.001150711 0.999999344 0.000082745 0.000033734 0.007948435 -0.000073596 0.999968410 0.000549819
0.999969661 0.001994942 -0.007532117 -0.000069920 -0.001993333 0.999997973 0.000221180 -0.000119426 0.007532544 -0.000206159 0.999971628 0.000466730
0.999964237 0.000392893 -0.008450596 0.000020794 -0.000391546 0.999999881 0.000161064 -0.000076997 0.008450658 -0.000157749 0.999964297 0.000556947
0.999968827 0.001998242 -0.007640878 -0.000092249 -0.001990299 0.999997497 0.001047022 -0.000271780 0.007642951 -0.001031782 0.999970257 -0.000216625
0.999956608 0.001007733 -0.009259747 -0.000158483 -0.000998542 0.999998987 0.000997159 -0.000126517 0.009260743 -0.000987869 0.999956608 -0.000275555
0.999962091 0.001685638 -0.008539899 -0.000173675 -0.001673789 0.999997616 0.001394374 0.000031339 0.008542229 -0.001380027 0.999962568 -0.000140422
0.999960423 0.000507260 -0.008885204 -0.000052319 -0.000485790 0.999996960 0.002418349 -0.000021177 0.008886404 -0.002413936 0.999957621 0.000248982
0.999951959 0.001751001 -0.009646272 0.000130926 -0.001726084 0.999995172 0.002590782 -0.000052914 0.009650761 -0.002574007 0.999950111 0.000475521
0.999955952 0.000500053 -0.009372328 -0.000078898 -0.000459571 0.999990582 0.004320887 -0.000114041 0.009374401 -0.004316390 0.999946773 0.000016360
0.999961734 0.000036936 -0.008747767 -0.000129618 0.000003583 0.999989271 0.004631886 0.000112121 0.008747844 -0.004631740 0.999951005 -0.000208666
0.999958754 -0.000258861 -0.009077372 -0.000199791 0.000296619 0.999991298 0.004158514 -0.000002922 0.009076216 -0.004161035 0.999950171 -0.000130169
0.999957621 0.000041679 -0.009207696 -0.000231803 -0.000005200 0.999992132 0.003961750 -0.000069248 0.009207789 -0.003961534 0.999949753 -0.000196084
0.999950349 0.000872357 -0.009927711 -0.000342933 -0.000836287 0.999993026 0.003636809 -0.000361859 0.009930815 -0.003628325 0.999944091 -0.001062418
0.999957919 -0.000439002 -0.009162853 -0.000240646 0.000474182 0.999992549 0.003837568 0.000004716 0.009161099 -0.003841752 0.999950647 -0.000236587
0.999960601 0.000253416 -0.008872230 -0.000066182 -0.000207808 0.999986768 0.005141108 0.000051048 0.008873415 -0.005139061 0.999947429 0.000247021
0.999953389 0.001505552 -0.009538205 0.000023233 -0.001448293 0.999980927 0.006007182 -0.000015229 0.009547068 -0.005993088 0.999936461 -0.000067206
0.999953210 -0.000348944 -0.009669213 -0.000076538 0.000398922 0.999986589 0.005167250 0.000052954 0.009667279 -0.005170865 0.999939919 -0.000317648
0.999950230 -0.000112210 -0.009974387 0.000111414 0.000150936 0.999992430 0.003881949 -0.000025038 0.009973877 -0.003883261 0.999942720 -0.000245160
0.999931753 0.000033391 -0.011680297 0.000119941 0.000011832 0.999992490 0.003871599 0.000123714 0.011680339 -0.003871473 0.999924302 -0.000692460
0.999909997 0.000944740 -0.013383673 0.000105879 -0.000903803 0.999994874 0.003064420 0.000204959 0.013386499 -0.003052048 0.999905765 -0.000554658
0.999904454 0.000725859 -0.013802281 0.000210300 -0.000694197 0.999997139 0.002298596 0.000060684 0.013803910 -0.002288795 0.999902129 -0.000224139
0.999909103 0.000497531 -0.013475285 0.000096334 -0.000469154 0.999997675 0.002108943 -0.000085845 0.013476303 -0.002102430 0.999906957 -0.000340775
0.999904513 0.000694659 -0.013803458 0.000127627 -0.000678388 0.999999046 0.001183458 -0.000182401 0.013804266 -0.001173981 0.999904037 -0.000577431
0.999917686 0.000855027 -0.012803150 0.000006963 -0.000839649 0.999998927 0.001206412 -0.000295650 0.012804168 -0.001195562 0.999917328 -0.000735935
0.999943197 -0.000323497 -0.010653470 -0.000054473 0.000341277 0.999998569 0.001667137 -0.000311391 0.010652915 -0.001670678 0.999941885 -0.000799426
0.999947906 0.000249315 -0.010202441 -0.000201968 -0.000226844 0.999997556 0.002203679 -0.000408807 0.010202967 -0.002201250 0.999945521 -0.000935244
0.999942183 0.000359887 -0.010745723 -0.000049146 -0.000325444 0.999994814 0.003206894 -0.000235045 0.010746821 -0.003203212 0.999937117 -0.000339579
0.999923110 0.001711262 -0.012282522 -0.000055314 -0.001668213 0.999992430 0.003514292 -0.000341493 0.012288444 -0.003493532 0.999918401 -0.000804059
0.999918044 0.001794768 -0.012677823 -0.000168309 -0.001774728 0.999997139 0.001591773 0.000086583 0.012680644 -0.001569142 0.999918342 -0.000414818
0.999922037 0.001923027 -0.012338446 -0.000377373 -0.001912856 0.999997795 0.000836123 -0.000159908 0.012340027 -0.000812456 0.999923527 -0.000565029
0.999916315 0.002970781 -0.012590908 -0.000472214 -0.002972571 0.999995589 -0.000123516 -0.000179783 0.012590485 0.000160933 0.999920726 -0.000223411
0.999903023 0.002106062 -0.013767418 -0.000160134 -0.002103382 0.999997795 0.000209117 -0.000453465 0.013767827 -0.000180139 0.999905229 -0.000257512
0.999914110 0.002047954 -0.012943174 -0.000065238 -0.002036172 0.999997497 0.000923396 -0.000445081 0.012945033 -0.000896962 0.999915779 -0.000501622
0.999933422 0.001686541 -0.011414033 -0.000063922 -0.001653241 0.999994338 0.002926240 -0.000293024 0.011418904 -0.002907175 0.999930561 -0.000695614
0.999933600 0.001927103 -0.011361067 -0.000056793 -0.001890344 0.999992967 0.003245376 -0.000214419 0.011367241 -0.003223684 0.999930203 -0.000868615
0.999925792 0.002259837 -0.011968467 0.000374942 -0.002231981 0.999994755 0.002340332 0.000068549 0.011973693 -0.002313445 0.999925613 -0.000164460
0.999927402 0.001658892 -0.011935402 0.000109926 -0.001622735 0.999994040 0.003038451 0.000027488 0.011940371 -0.003018863 0.999924183 -0.000603834
0.999915957 0.002982406 -0.012618965 0.000139623 -0.002942322 0.999990582 0.003193847 0.000032015 0.012628371 -0.003156449 0.999915302 -0.000551823
0.999915659 0.002120705 -0.012811445 0.000240288 -0.002094290 0.999995649 0.002074891 -0.000148624 0.012815789 -0.002047886 0.999915779 -0.000586174
0.999927819 0.000776561 -0.011991950 0.000183243 -0.000767587 0.999999404 0.000752924 -0.000183148 0.011992527 -0.000743665 0.999927819 -0.000312908
0.999921322 0.001380941 -0.012466912 0.000168617 -0.001376986 0.999998987 0.000325854 -0.000154035 0.012467350 -0.000308661 0.999922216 -0.000239683
0.999919236 0.002228389 -0.012514308 0.000256743 -0.002205785 0.999995887 0.001819719 0.000044978 0.012518312 -0.001791968 0.999920011 -0.000024308
0.999914706 0.002759771 -0.012763513 0.000153999 -0.002725348 0.999992609 0.002713651 -0.000195463 0.012770908 -0.002678634 0.999914885 -0.000842185
0.999916196 0.003288270 -0.012522884 0.000168742 -0.003254576 0.999991059 0.002710025 -0.000438668 0.012531683 -0.002669041 0.999917924 -0.000975483
0.999926686 0.002732333 -0.011796546 0.000115704 -0.002707451 0.999994099 0.002124717 -0.000244317 0.011802282 -0.002092622 0.999928176 -0.000471868
0.999913037 0.002524946 -0.012944519 0.000299052 -0.002508582 0.999996006 0.001280241 -0.000183840 0.012947700 -0.001247657 0.999915421 -0.000605600
0.999899268 0.004132719 -0.013580177 0.000027138 -0.004121655 0.999991179 0.000842612 -0.000059265 0.013583539 -0.000786554 0.999907434 -0.000088611
0.999913633 0.003314364 -0.012719736 0.000132282 -0.003286215 0.999992132 0.002233303 -0.000195011 0.012727037 -0.002191310 0.999916613 0.000146407
0.999909401 0.000980718 -0.013424354 0.000087771 -0.000948703 0.999996662 0.002390987 -0.000012459 0.013426654 -0.002378035 0.999907017 0.000106266
0.999921560 0.001234288 -0.012465013 0.000174438 -0.001202179 0.999995947 0.002583107 -0.000167277 0.012468151 -0.002567919 0.999918997 -0.000008986
0.999921262 0.001447701 -0.012465555 0.000034344 -0.001428201 0.999997735 0.001573064 -0.000119780 0.012467804 -0.001555137 0.999921083 -0.000288545
0.999908805 0.001734461 -0.013391473 0.000232476 -0.001732004 0.999998510 0.000195108 -0.000007449 0.013391791 -0.000171896 0.999910295 -0.000041253
0.999910712 0.002756261 -0.013077619 0.000192511 -0.002738193 0.999995291 0.001399308 -0.000241875 0.013081414 -0.001363373 0.999913514 -0.000789656
0.999923587 0.002823775 -0.012034938 0.000204751 -0.002784349 0.999990702 0.003291473 -0.000249563 0.012044120 -0.003257713 0.999922156 -0.000271388
0.999927640 0.000868214 -0.011996413 0.000106666 -0.000826902 0.999993742 0.003448189 -0.000258938 0.011999331 -0.003438019 0.999922097 -0.000627727
0.999936521 0.002001399 -0.011087677 0.000229965 -0.001975799 0.999995351 0.002319354 -0.000245488 0.011092267 -0.002297300 0.999935865 -0.000468812
0.999936879 0.000584550 -0.011218108 0.000206871 -0.000568011 0.999998748 0.001477452 -0.000249748 0.011218958 -0.001470987 0.999935985 -0.000919208
0.999921322 0.002690115 -0.012251396 0.000206555 -0.002671446 0.999995232 0.001539982 -0.000371349 0.012255481 -0.001507132 0.999923766 -0.001600859
0.999895215 0.002609580 -0.014240579 0.000287145 -0.002588827 0.999995589 0.001475537 -0.000469971 0.014244366 -0.001438516 0.999897480 -0.001154357
0.999873698 0.003553213 -0.015489793 0.000357728 -0.003527065 0.999992311 0.001715099 -0.000354739 0.015495768 -0.001660249 0.999878526 -0.000916783
0.999854982 0.003313783 -0.016703879 0.000263650 -0.003287276 0.999993265 0.001614096 -0.000515794 0.016709117 -0.001558952 0.999859154 -0.001024000
0.999844491 0.004772997 -0.016975731 0.000108295 -0.004752205 0.999987900 0.001264883 -0.000371069 0.016981563 -0.001184014 0.999855101 -0.000461604
0.999863207 0.004665137 -0.015867220 0.000075769 -0.004645321 0.999988377 0.001285475 -0.000482176 0.015873032 -0.001211591 0.999873281 -0.000806039
0.999891877 0.002943935 -0.014408132 0.000305279 -0.002922016 0.999994516 0.001542075 -0.000371246 0.014412593 -0.001499808 0.999895036 -0.000369569
0.999909878 0.002815912 -0.013124981 0.000341775 -0.002792156 0.999994457 0.001827934 -0.000383803 0.013130055 -0.001791122 0.999912202 -0.000376589
0.999911427 0.003730672 -0.012773160 0.000516682 -0.003710686 0.999991834 0.001587995 -0.000100312 0.012778980 -0.001540457 0.999917150 0.000241772
0.999895632 0.004783656 -0.013629965 0.000521992 -0.004760484 0.999987125 0.001732023 -0.000079885 0.013638077 -0.001666956 0.999905646 0.000110790
0.999893129 0.004004946 -0.014062105 0.000786342 -0.003981192 0.999990523 0.001716861 -0.000116172 0.014068849 -0.001660693 0.999899626 0.000070424
0.999882102 0.004777125 -0.014592396 0.000514821 -0.004757467 0.999987721 0.001381598 -0.000008809 0.014598818 -0.001312012 0.999892592 0.000525269
0.999885440 0.004891912 -0.014323018 0.000603279 -0.004869248 0.999986768 0.001616759 0.000006848 0.014330740 -0.001546831 0.999896049 0.000446068
0.999895573 0.004657892 -0.013675500 0.000554864 -0.004633328 0.999987543 0.001827291 -0.000009739 0.013683843 -0.001763737 0.999904811 0.000689231
0.999896169 0.004640419 -0.013642625 0.000494950 -0.004616836 0.999987721 0.001759669 0.000074895 0.013650626 -0.001696501 0.999905348 0.000782467
0.999903917 0.004728567 -0.013033326 0.000526024 -0.004701967 0.999986708 0.002070890 0.000112337 0.013042945 -0.002009409 0.999912858 0.000842920
0.999880493 0.005982188 -0.014258358 0.000480907 -0.005959880 0.999980927 0.001606546 0.000190751 0.014267699 -0.001521376 0.999897003 0.000974016
0.999881566 0.006066695 -0.014148315 0.000235814 -0.006037676 0.999979556 0.002092871 0.000303076 0.014160723 -0.002007200 0.999897718 0.001207232
0.999885261 0.006218544 -0.013815182 0.000399130 -0.006189952 0.999978602 0.002111368 0.000107872 0.013828018 -0.002025610 0.999902308 0.000743822
0.999880552 0.006669620 -0.013942804 0.000222271 -0.006634163 0.999974668 0.002587763 0.000221199 0.013959710 -0.002494955 0.999899447 0.001445540
0.999885798 0.005543702 -0.014060288 0.000664439 -0.005519108 0.999983072 0.001787373 -0.000176054 0.014069960 -0.001709568 0.999899507 0.000347016
0.999888062 0.006554601 -0.013447550 0.000572155 -0.006530236 0.999976873 0.001855048 0.000161389 0.013459401 -0.001767024 0.999907792 0.001362142
0.999882936 0.006621060 -0.013794217 0.000336254 -0.006595910 0.999976456 0.001867964 0.000047123 0.013806261 -0.001776760 0.999903083 0.001248952
0.999904275 0.007286867 -0.011765662 0.000230390 -0.007259479 0.999970734 0.002368832 0.000091361 0.011782581 -0.002283193 0.999927998 0.000966549
0.999908149 0.005564350 -0.012355900 0.000631402 -0.005527121 0.999979973 0.003045233 0.000057282 0.012372597 -0.002976660 0.999919057 0.000363281
0.999903202 0.006645099 -0.012222254 0.000517395 -0.006609786 0.999973834 0.002927338 0.000123183 0.012241387 -0.002846268 0.999920964 0.000957074
0.999885857 0.006557830 -0.013607746 0.000600186 -0.006517893 0.999974251 0.002977142 0.000031879 0.013626920 -0.002888108 0.999902964 0.000321644
0.999913096 0.005873121 -0.011804631 0.000835771 -0.005845626 0.999980152 0.002362273 0.000003782 0.011818270 -0.002293063 0.999927521 -0.000195615
0.999905825 0.006019623 -0.012333554 0.000849307 -0.005979475 0.999976754 0.003289413 0.000131192 0.012353068 -0.003215355 0.999918461 -0.000199274
0.999904096 0.006130052 -0.012420638 0.000920254 -0.006086039 0.999975085 0.003578202 0.000180908 0.012442263 -0.003502266 0.999916494 0.000234989
0.999909878 0.006148936 -0.011933519 0.000912088 -0.006098822 0.999972522 0.004231264 -0.000021440 0.011959206 -0.004158102 0.999919832 -0.000104089
0.999912143 0.005919659 -0.011861212 0.000771770 -0.005871458 0.999974310 0.004094498 -0.000007778 0.011885145 -0.004024495 0.999921262 -0.000270725
0.999900639 0.007768569 -0.011764087 0.000880779 -0.007727258 0.999963820 0.003552957 0.000000908 0.011791262 -0.003461700 0.999924481 0.000237618
0.999909341 0.006525842 -0.011783746 0.000822879 -0.006477650 0.999970496 0.004123240 0.000076227 0.011810307 -0.004046534 0.999922037 -0.000066574
0.999886274 0.008444206 -0.012489203 0.000817442 -0.008408378 0.999960423 0.002918361 0.000119877 0.012513353 -0.002813016 0.999917746 -0.000169103
0.999892533 0.008215552 -0.012142578 0.001112687 -0.008169893 0.999959409 0.003805141 -0.000092297 0.012173347 -0.003705529 0.999919057 0.000194589
0.999901533 0.007774975 -0.011680595 0.000807860 -0.007731343 0.999963045 0.003775920 0.000075018 0.011709520 -0.003685242 0.999924660 0.000312673
0.999896049 0.008848139 -0.011390068 0.001025189 -0.008793807 0.999949753 0.004811492 0.000009654 0.011432070 -0.004710829 0.999923527 0.000118412
0.999908924 0.008896174 -0.010147298 0.001198503 -0.008832711 0.999941289 0.006281737 -0.000111826 0.010202585 -0.006191537 0.999928772 -0.000085934
0.999909699 0.008367592 -0.010517398 0.001208898 -0.008299849 0.999944627 0.006468168 -0.000070095 0.010570940 -0.006380290 0.999923766 0.000088879
0.999906659 0.007975639 -0.011101311 0.000874597 -0.007917163 0.999954581 0.005301625 0.000026881 0.011143091 -0.005213238 0.999924302 0.000013029
0.999889672 0.008429285 -0.012234117 0.000937780 -0.008374682 0.999954760 0.004507571 0.000098646 0.012271559 -0.004404617 0.999915004 0.000072854
0.999888837 0.007119265 -0.013103921 0.001099242 -0.007063566 0.999965847 0.004291940 -0.000041473 0.013134028 -0.004198901 0.999904931 -0.000183967
0.999803245 0.009423070 -0.017453317 0.006735733 -0.009370433 0.999951422 0.003095093 0.001436830 0.017481633 -0.002930939 0.999842882 0.009536654
0.999798179 0.009814194 -0.017527075 0.006689574 -0.009752072 0.999945819 0.003626302 0.001352527 0.017561719 -0.003454644 0.999839783 0.009203162
0.999772489 0.010094800 -0.018787885 0.006942244 -0.010037211 0.999944687 0.003157062 0.001180982 0.018818716 -0.002967766 0.999818563 0.008894854
0.999790847 0.009978370 -0.017852137 0.006747344 -0.009909179 0.999943078 0.003960082 0.001261758 0.017890636 -0.003782355 0.999832749 0.009052752
0.999787271 0.009688471 -0.018207148 0.006753633 -0.009624169 0.999947131 0.003615872 0.001366159 0.018241219 -0.003439874 0.999827743 0.009251758
0.999779046 0.010452949 -0.018237850 0.006766980 -0.010388328 0.999939442 0.003634250 0.001285844 0.018274738 -0.003443986 0.999827087 0.009206737
0.999763727 0.009488836 -0.019550484 0.006822762 -0.009425137 0.999949992 0.003347626 0.001280153 0.019581273 -0.003162568 0.999803305 0.009224809
0.999754965 0.010059091 -0.019717015 0.006729274 -0.009996624 0.999944627 0.003264168 0.001371223 0.019748759 -0.003066265 0.999800265 0.009344474
0.999747872 0.008859508 -0.020631839 0.006889476 -0.008791324 0.999955595 0.003393088 0.001395138 0.020660983 -0.003210852 0.999781430 0.009385362
0.999742091 0.008723872 -0.020966509 0.000500907 -0.008639717 0.999954224 0.004101035 -0.000043669 0.021001328 -0.003918834 0.999771714 -0.000358061
0.999730587 0.008838720 -0.021460334 0.000571628 -0.008758744 0.999954283 0.003817837 0.000099992 0.021493100 -0.003628843 0.999762416 0.000248292
0.999737978 0.006973110 -0.021798749 0.000453450 -0.006896820 0.999969840 0.003572908 -0.000052175 0.021823002 -0.003421630 0.999756038 0.000280152
0.999720752 0.007803060 -0.022304153 0.000698170 -0.007735685 0.999965310 0.003105424 0.000038815 0.022327607 -0.002932018 0.999746442 0.000137092
0.999746978 0.006951864 -0.021388710 0.000686845 -0.006879793 0.999970496 0.003441293 0.000080159 0.021412002 -0.003293273 0.999765337 0.000493572
0.999744475 0.006373261 -0.021684887 0.000519849 -0.006316467 0.999976456 0.002686509 0.000029749 0.021701496 -0.002548850 0.999761343 0.000212652
0.999732018 0.007457961 -0.021912582 0.000435932 -0.007424144 0.999971151 0.001624150 0.000168847 0.021924060 -0.001461033 0.999758601 0.000859462
0.999690831 0.007468119 -0.023714123 0.006386696 -0.007429644 0.999970853 0.001710136 0.001542792 0.023726206 -0.001533420 0.999717355 0.009825896
0.999657750 0.008848693 -0.024617448 0.006552162 -0.008821853 0.999960423 0.001198714 0.001518208 0.024627080 -0.000981132 0.999696195 0.009894954
0.999668241 0.008559272 -0.024289867 0.006537921 -0.008539043 0.999963105 0.000936405 0.001540195 0.024296986 -0.000728682 0.999704599 0.009967368
0.999659538 0.007419276 -0.025013007 0.006648546 -0.007418875 0.999972522 0.000108838 0.001277790 0.025013125 0.000076768 0.999687135 0.008678947
0.999656796 0.007890806 -0.024979720 0.000567079 -0.007887500 0.999968827 0.000230794 0.000135320 0.024980763 -0.000033687 0.999687970 0.000253493
0.999671221 0.007776865 -0.024431389 0.000636152 -0.007747583 0.999969184 0.001292938 0.000193488 0.024440689 -0.001103228 0.999700665 0.000387394
0.999678016 0.007156526 -0.024342319 0.000324318 -0.007104976 0.999972343 0.002203510 0.000247396 0.024357414 -0.002029849 0.999701262 0.001099866
0.999663174 0.009065257 -0.024313184 0.000404039 -0.009008513 0.999956429 0.002442376 0.000296941 0.024334261 -0.002222527 0.999701440 0.001245705
0.999660134 0.007446519 -0.024980884 0.000598890 -0.007408358 0.999971330 0.001619779 0.000126446 0.024992226 -0.001434161 0.999686599 0.000239168
0.999663293 0.008053556 -0.024662362 0.000694793 -0.008040960 0.999967515 0.000609793 0.000170779 0.024666470 -0.000411278 0.999695659 0.000542123
0.999652505 0.008476809 -0.024956014 0.000514674 -0.008448429 0.999963582 0.001242334 0.000042959 0.024965631 -0.001031064 0.999687791 0.000890117
0.999696732 0.006597622 -0.023721918 0.001002908 -0.006536214 0.999975085 0.002665282 -0.000048314 0.023738913 -0.002509423 0.999714971 -0.000555911
0.999689579 0.007864072 -0.023638356 0.000470181 -0.007782897 0.999963522 0.003524034 0.000342561 0.023665203 -0.003338964 0.999714434 0.001312539
0.999700904 0.008369453 -0.022977576 0.000743946 -0.008276852 0.999957263 0.004122272 0.000220586 0.023011092 -0.003930857 0.999727488 0.000349864
0.999710977 0.008265612 -0.022570463 0.000600137 -0.008180125 0.999959052 0.003877276 0.000117398 0.022601588 -0.003691527 0.999737740 -0.000009739
0.999729276 0.007741717 -0.021938955 0.000574871 -0.007651853 0.999961972 0.004177103 0.000158457 0.021970458 -0.004008098 0.999750614 0.000311171
0.999705255 0.008298042 -0.022815170 0.000348699 -0.008204591 0.999957621 0.004186585 0.000200537 0.022848941 -0.003998162 0.999730945 0.001141904
0.999707937 0.008651484 -0.022563184 0.000317297 -0.008561238 0.999954939 0.004093244 0.000239387 0.022597577 -0.003898880 0.999737084 0.001270997
0.999688327 0.008533336 -0.023459869 0.000149947 -0.008446377 0.999957085 0.003803353 0.000254539 0.023491319 -0.003604016 0.999717534 0.000751005
0.999658883 0.009144237 -0.024459882 0.000407018 -0.009067094 0.999953568 0.003262919 0.000252923 0.024488579 -0.003040026 0.999695480 0.000967799
0.999685109 0.008199078 -0.023712626 0.000395833 -0.008121647 0.999961436 0.003359811 0.000352956 0.023739258 -0.003166168 0.999713182 0.001201849
0.999646783 0.009712527 -0.024734771 0.006390965 -0.009636703 0.999948502 0.003182940 0.001488968 0.024764415 -0.002943454 0.999689043 0.009945429
0.999682784 0.009920236 -0.023146126 0.000581071 -0.009824143 0.999942660 0.004261583 0.000142341 0.023187075 -0.004032840 0.999723017 0.000705844
0.999700189 0.008721074 -0.022878319 0.000344069 -0.008624146 0.999953449 0.004331938 0.000343394 0.022915032 -0.004133333 0.999728858 0.001245542
0.999666274 0.009057864 -0.024188820 0.000162915 -0.008954053 0.999950290 0.004396550 0.000053618 0.024227440 -0.004178496 0.999697745 0.000350730
0.999633431 0.009043738 -0.025515866 0.000697853 -0.008936749 0.999950826 0.004303970 0.000008239 0.025553532 -0.004074364 0.999665141 0.000053123
0.999583244 0.010105001 -0.027040064 0.000891310 -0.010002728 0.999942362 0.003914828 0.000197638 0.027078064 -0.003642722 0.999626696 0.000387186
0.999629259 0.009370669 -0.025559753 0.000629546 -0.009286946 0.999951184 0.003392289 0.000175725 0.025590291 -0.003153659 0.999667525 0.000442352
0.999628484 0.008820745 -0.025783923 0.000721466 -0.008704728 0.999951482 0.004608359 0.000063046 0.025823317 -0.004382205 0.999656916 0.000172699
0.999622941 0.010564077 -0.025345165 0.000382563 -0.010439282 0.999932826 0.005051055 0.000234650 0.025396820 -0.004784566 0.999665976 0.000669205
0.999627948 0.010045554 -0.025353152 0.000256703 -0.009903920 0.999934673 0.005705834 0.000056942 0.025408812 -0.005452617 0.999662220 0.000653345
0.999640644 0.010249121 -0.024765272 0.000424691 -0.010113858 0.999933302 0.005580837 0.000217438 0.024820816 -0.005328359 0.999677718 0.000996179
0.999648690 0.008713856 -0.025028992 0.000238521 -0.008583679 0.999949157 0.005303784 0.000241749 0.025073932 -0.005087080 0.999672711 0.000864051
0.999649048 0.009705777 -0.024646277 0.000214425 -0.009590362 0.999942541 0.004796733 0.000185602 0.024691414 -0.004558682 0.999684691 0.000680526
0.999609292 0.010287702 -0.025988609 0.000395776 -0.010178114 0.999938846 0.004345490 0.000251130 0.026031723 -0.004079278 0.999652803 0.001036401
0.999593794 0.010918428 -0.026324982 0.000434127 -0.010799963 0.999930918 0.004638045 0.000422580 0.026373800 -0.004351852 0.999642670 0.001216781
0.999610484 0.010913421 -0.025682658 0.000256003 -0.010789590 0.999929547 0.004955244 0.000204756 0.025734924 -0.004676208 0.999657869 0.000821526
0.999620855 0.010123766 -0.025603969 0.000317233 -0.010001168 0.999937892 0.004911798 0.000210345 0.025652111 -0.004653865 0.999660075 0.000782112
0.999639869 0.009567742 -0.025066873 0.000490060 -0.009421556 0.999938011 0.005943417 0.000238509 0.025122179 -0.005705108 0.999668062 0.001148351
0.999620676 0.010153951 -0.025599997 0.000322778 -0.010009430 0.999933302 0.005767209 0.000200945 0.025656849 -0.005508780 0.999655604 0.000871478
0.999611139 0.010240224 -0.025935784 0.000426695 -0.010120402 0.999937534 0.004747038 0.000326561 0.025982775 -0.004482712 0.999652326 0.001059016
0.999577582 0.011430717 -0.026719360 0.000580267 -0.011332652 0.999928474 0.003818797 0.000160105 0.026761102 -0.003514383 0.999635637 0.000146336
0.999618888 0.010383036 -0.025577219 0.000591726 -0.010270546 0.999937057 0.004525424 0.000086501 0.025622595 -0.004261008 0.999662578 0.000175098
0.999628663 0.010577690 -0.025109347 0.000530486 -0.010442984 0.999930382 0.005489829 0.000073811 0.025165666 -0.005225574 0.999669671 -0.000158150
0.999623954 0.010737594 -0.025229366 0.000507793 -0.010595346 0.999927282 0.005765187 0.000064103 0.025289435 -0.005495706 0.999665082 0.000025495
0.999622107 0.010151683 -0.025543792 0.000566586 -0.010027603 0.999937356 0.004980892 0.000187819 0.025592757 -0.004722867 0.999661326 -0.000003131
0.999569416 0.011525937 -0.026983317 0.000583967 -0.011403950 0.999924123 0.004670374 0.000144342 0.027035099 -0.004360646 0.999624968 -0.000105961
0.999547780 0.012817004 -0.027201612 0.000791317 -0.012694520 0.999908507 0.004670754 0.000240127 0.027258992 -0.004323330 0.999619067 0.000322253
0.999563098 0.011684871 -0.027145976 0.000642355 -0.011548933 0.999920011 0.005159083 0.000190728 0.027204091 -0.004843321 0.999618173 0.000234327
0.999566972 0.011601777 -0.027038395 0.000767645 -0.011450946 0.999917984 0.005726552 0.000207323 0.027102619 -0.005414457 0.999617994 0.000398229
0.999572575 0.011577022 -0.026842544 0.000749203 -0.011416927 0.999916136 0.006109850 0.000163632 0.026911028 -0.005800779 0.999620974 0.000303385
0.999619365 0.011337488 -0.025154738 0.000694709 -0.011194225 0.999920309 0.005828872 0.000055321 0.025218820 -0.005545065 0.999666572 0.000340595
0.999616385 0.010014248 -0.025821805 0.000744616 -0.009867582 0.999934494 0.005801100 0.000196081 0.025878211 -0.005544077 0.999649763 0.000222764
0.999552488 0.012494165 -0.027178388 0.000726899 -0.012346737 0.999908209 0.005585540 0.000151647 0.027245678 -0.005247476 0.999615014 0.000040341
0.999556959 0.012419124 -0.027045388 0.000705707 -0.012263613 0.999907315 0.005908289 0.000045135 0.027116256 -0.005573998 0.999616742 -0.000043014
0.999567449 0.012055627 -0.026823891 0.000766591 -0.011897087 0.999910831 0.006062165 0.000028204 0.026894582 -0.005740417 0.999621809 0.000132973
0.999582350 0.011739870 -0.026403865 0.000844046 -0.011562105 0.999909461 0.006875136 0.000176499 0.026482189 -0.006566980 0.999627709 0.000389364
0.999579370 0.011974181 -0.026412977 0.000739253 -0.011780470 0.999902666 0.007477446 0.000202042 0.026499942 -0.007163143 0.999623120 0.000197034
0.999613404 0.012136421 -0.025013611 0.000623048 -0.011969196 0.999905109 0.006824334 0.000139638 0.025094058 -0.006522303 0.999663830 -0.000240797
0.999689281 0.009178004 -0.023172965 0.000689876 -0.009002511 0.999930084 0.007666244 0.000105108 0.023241708 -0.007455247 0.999702096 -0.000078285
0.999584079 0.010826434 -0.026727399 0.000723707 -0.010626463 0.999914646 0.007612577 0.000120212 0.026807535 -0.007325393 0.999613702 0.000087323
0.999548614 0.011120499 -0.027909165 0.000675114 -0.010882844 0.999903381 0.008652818 -0.000102812 0.028002691 -0.008345180 0.999573052 -0.000142452
0.999485016 0.010469563 -0.030330747 0.000517402 -0.010239948 0.999917805 0.007715879 0.000002985 0.030409034 -0.007401321 0.999510109 0.000175186
0.999440789 0.011753774 -0.031300168 0.000649297 -0.011545839 0.999910116 0.006815753 -0.000033910 0.031377465 -0.006450555 0.999486804 0.000083139
0.999489248 0.010842117 -0.030059364 0.000515520 -0.010640463 0.999919891 0.006860358 -0.000004551 0.030131334 -0.006537008 0.999524653 0.000041095
0.999484122 0.010154400 -0.030463710 0.000538685 -0.009939515 0.999924719 0.007196928 -0.000032301 0.030534495 -0.006890422 0.999509931 0.000152770
0.999465764 0.011294751 -0.030667741 0.000357566 -0.011105395 0.999918282 0.006337804 0.000302414 0.030736817 -0.005993841 0.999509513 0.001007673
0.999455392 0.010219221 -0.031372059 0.000391678 -0.010031004 0.999930739 0.006151045 0.000248435 0.031432744 -0.005833002 0.999488831 0.001112454
0.999396384 0.010710668 -0.033045810 0.000505957 -0.010509974 0.999925315 0.006240932 0.000132411 0.033110186 -0.005889854 0.999434352 0.000280274
0.999283314 0.008148167 -0.036966909 0.000636691 -0.007987862 0.999958098 0.004482083 -0.000020475 0.037001871 -0.004183582 0.999306381 -0.000146673
0.999079883 0.009587009 -0.041801412 0.006583455 -0.009446296 0.999949098 0.003562441 0.001362681 0.041833431 -0.003164295 0.999119639 0.009606598
0.998927116 0.009918046 -0.045233559 0.006840695 -0.009816952 0.999948800 0.002456521 0.001400497 0.045255609 -0.002009831 0.998973370 0.009047218
0.998858571 0.007420227 -0.047185991 0.001224482 -0.007330686 0.999971032 0.002070374 -0.000066257 0.047199979 -0.001722105 0.998883963 -0.001016853
0.998370528 0.007374409 -0.056585062 0.006675739 -0.007362470 0.999972820 0.000419476 0.001087139 0.056586616 -0.000002187 0.998397708 0.008182259
0.998154461 0.007970376 -0.060201794 0.000557213 -0.008146599 0.999963164 -0.002682319 -0.000177121 0.060178202 0.003167809 0.998182654 -0.000013933
0.997511327 0.003476739 -0.070420757 0.001146135 -0.004035026 0.999961495 -0.007787175 -0.000170107 0.070390977 0.008051946 0.997486889 -0.000708265
0.996596754 0.005424151 -0.082251720 0.000484355 -0.006395069 0.999912977 -0.011545378 0.000009542 0.082181931 0.012032093 0.996544778 0.000312584
0.995817125 0.005998010 -0.091170788 0.006726395 -0.007360003 0.999866128 -0.014610052 0.001520506 0.091070957 0.015219958 0.995728076 0.010301455
0.994745016 -0.000025119 -0.102383815 0.000599484 -0.001654640 0.999865353 -0.016321519 0.000025630 0.102370434 0.016405160 0.994611144 0.001395384
0.993691325 -0.002020944 -0.112130702 -0.000072363 -0.000221184 0.999800324 -0.019979626 0.000039904 0.112148695 0.019878386 0.993492544 0.001010801
0.992965639 -0.006331429 -0.118233182 0.000262670 0.003621393 0.999726057 -0.023121908 -0.000164122 0.118347183 0.022531094 0.992716551 -0.001567946
0.991186082 -0.010633201 -0.132049456 0.005699424 0.006965937 0.999577999 -0.028202856 0.001234538 0.132293656 0.027034434 0.990841806 0.008532984
0.989949286 -0.010985368 -0.140995428 0.006038280 0.006810320 0.999524951 -0.030059695 0.001009379 0.141258657 0.028797355 0.989553809 0.008619010
0.989102483 -0.017828265 -0.146144554 0.000017892 0.013839438 0.999504685 -0.028265243 -0.000115742 0.146576077 0.025934670 0.988859355 -0.000804907
0.987101436 -0.023929402 -0.158297732 0.005831351 0.019450651 0.999367118 -0.029782444 0.001037323 0.158910215 0.026319301 0.986942172 0.007574963
0.986445308 -0.028916512 -0.161521927 0.000163408 0.023995180 0.999188900 -0.032336947 -0.000425785 0.162325993 0.028022882 0.986339092 -0.002439933
0.985018015 -0.032171477 -0.169423953 -0.000093886 0.026740840 0.999055862 -0.034238912 -0.000460457 0.170365512 0.029195415 0.984948277 -0.002409580
0.982400060 -0.036705039 -0.183146641 0.005047282 0.029772785 0.998737514 -0.040458918 0.001149731 0.184400469 0.034294058 0.982252717 0.007225549
0.980898857 -0.042461313 -0.189827338 -0.001085224 0.034401886 0.998369336 -0.045553535 -0.000061466 0.191452056 0.038152996 0.980760157 -0.000895359
0.977600098 -0.052634884 -0.203783110 -0.001492306 0.043318436 0.997813642 -0.049914360 -0.000065671 0.205964804 0.039968722 0.977742851 -0.002801299
0.974465728 -0.065181553 -0.214866981 0.004404597 0.055091970 0.997093678 -0.052622736 0.000938119 0.217672542 0.039441615 0.975224614 0.005513057
0.971899331 -0.074217133 -0.223390788 -0.001793917 0.063436881 0.996465743 -0.055063006 -0.000601024 0.226687863 0.039344486 0.973172486 -0.003173176
0.968963563 -0.080763489 -0.233638436 -0.001721057 0.069326684 0.995977402 -0.056769632 -0.000693743 0.237283528 0.038810331 0.970664918 -0.003121855
0.964760721 -0.093520597 -0.245948151 -0.002687502 0.081225522 0.994906783 -0.059691813 -0.001812479 0.250277877 0.037611056 0.967443287 -0.005900059
0.958685338 -0.110353649 -0.262191743 0.003318891 0.097116701 0.993279517 -0.062960312 -0.000068571 0.267377615 0.034895927 0.962959766 0.004365056
0.954741418 -0.122239761 -0.271157354 -0.002885109 0.108007334 0.991899073 -0.066863164 -0.000703679 0.277134061 0.034550056 0.960209906 -0.003328917
0.950873613 -0.131087586 -0.280455530 0.003286019 0.116806418 0.990884006 -0.067120984 0.000573261 0.286697596 0.031064566 0.957517326 0.005594093
0.947453737 -0.136052027 -0.289519012 0.003396869 0.121223785 0.990249336 -0.068636395 0.000823419 0.296034187 0.029933220 0.954708159 0.005645453
0.946651220 -0.137043238 -0.291668713 -0.002833586 0.121822134 0.990093648 -0.069814093 -0.000591137 0.298346877 0.030557901 0.953968227 -0.003492604
0.944339454 -0.139105380 -0.298114806 -0.003220979 0.124027178 0.989876091 -0.069011427 -0.000390526 0.304696590 0.028195880 0.952032030 -0.003458824
0.941810012 -0.144164324 -0.303661793 -0.003458661 0.129084244 0.989211023 -0.069274731 -0.000507814 0.310372531 0.026045689 0.950258195 -0.004039854
0.939845085 -0.148289710 -0.307735771 -0.003240409 0.133979753 0.988699853 -0.067245372 -0.000749514 0.314230144 0.021969864 0.949092567 -0.004548239
0.936296403 -0.150928974 -0.317126691 -0.003139560 0.136434197 0.988342404 -0.067564994 -0.000646215 0.323627293 0.019993924 0.945973337 -0.004599552
0.937360048 -0.148672864 -0.315043658 -0.003310668 0.134680659 0.988698006 -0.065858446 -0.000724688 0.321274489 0.019302787 0.946789384 -0.004844086
0.938207626 -0.145310879 -0.314087659 -0.003433867 0.131085768 0.989167094 -0.066067874 -0.000599849 0.320285529 0.020812972 0.947092414 -0.004205699
0.941720665 -0.140924081 -0.305454582 -0.003518877 0.126744986 0.989745796 -0.065871157 -0.000262325 0.311605215 0.023317385 0.949925542 -0.003082229
0.943652689 -0.137137651 -0.301185459 -0.003473214 0.122867763 0.990231454 -0.065917894 -0.000252195 0.307283163 0.025197621 0.951284468 -0.003054393
0.946450055 -0.132854104 -0.294248492 -0.003051307 0.118049651 0.990704060 -0.067599393 -0.000660691 0.300494015 0.029243521 0.953335285 -0.004413790
0.951217473 -0.125997648 -0.281619936 -0.002998535 0.110319123 0.991362870 -0.070917942 -0.000506645 0.288123041 0.036390331 0.956901729 -0.003613173
0.954320312 -0.117471248 -0.274723649 -0.003627049 0.101244204 0.992211282 -0.072570667 -0.000318852 0.281108856 0.041441496 0.958780706 -0.003076675
0.958019257 -0.108435176 -0.265406638 -0.004023909 0.092031956 0.993038416 -0.073517069 -0.000169874 0.271530837 0.046004876 0.961329520 -0.001282357
0.962211967 -0.096024774 -0.254808575 -0.004091634 0.079428338 0.994040251 -0.074666172 -0.000221648 0.260459810 0.051605672 0.964104533 -0.001324146
0.965127170 -0.089713998 -0.245928749 -0.003870557 0.074156620 0.994656682 -0.071825922 -0.000221732 0.251058429 0.051083907 0.966622949 -0.002542075
0.969091475 -0.080791719 -0.233097523 -0.003898832 0.067280233 0.995591223 -0.065358184 -0.000514018 0.237350211 0.047655214 0.970254481 -0.003094948
0.972325742 -0.076409206 -0.220780879 -0.004741828 0.064701237 0.996111631 -0.059794199 0.000158326 0.224491224 0.043854639 0.973488867 -0.000168857
0.975377679 -0.073222831 -0.208031088 -0.004698658 0.063995883 0.996658742 -0.050752115 0.000142932 0.211052224 0.036189340 0.976804614 -0.000520813
0.978043914 -0.069209173 -0.196571067 0.001184976 0.061890233 0.997150123 -0.043142494 0.001571415 0.198996723 0.030029420 0.979539990 0.009331945
0.980195701 -0.068696924 -0.185733557 -0.004802633 0.062767833 0.997318745 -0.037623722 0.000210358 0.187820196 0.025220526 0.981879652 0.000613915
0.982338905 -0.066377245 -0.174940974 -0.004815002 0.061960455 0.997609496 -0.030595414 0.000122483 0.176553607 0.019215647 0.984103501 0.001011657
0.984175861 -0.063052081 -0.165596962 -0.004519997 0.059526570 0.997883439 -0.026172061 0.000158355 0.166896716 0.015900489 0.985846162 0.000935533
0.985657275 -0.060430083 -0.157568976 -0.004556376 0.057585556 0.998085499 -0.022560140 0.000240558 0.158630624 0.013162869 0.987250268 0.001174532
0.987726271 -0.054854050 -0.146245897 -0.004456438 0.053116117 0.998463809 -0.015765227 0.000337066 0.146886006 0.007803715 0.989122689 0.001003702
0.989071846 -0.056331132 -0.136248648 -0.004482741 0.055650789 0.998411417 -0.008800248 0.000201381 0.136527941 0.001121734 0.990635574 0.000678089
0.989797533 -0.056414131 -0.130836710 -0.003768635 0.056273934 0.998404026 -0.004771552 -0.000142869 0.130897075 -0.002639825 0.991392374 -0.000655534
0.990519166 -0.053274676 -0.126623452 0.001972537 0.053294715 0.998573661 -0.003231903 0.001289147 0.126615018 -0.003547101 0.991945624 0.009100487
0.991047442 -0.052582540 -0.122719288 0.002009760 0.052750085 0.998606026 -0.001885616 0.001260854 0.122647375 -0.004604719 0.992439687 0.008824818
0.991287112 -0.052950960 -0.120606706 0.002055271 0.053198606 0.998583257 -0.001167791 0.001085859 0.120497689 -0.005258494 0.992699683 0.008625298
0.991399586 -0.051756907 -0.120199487 0.002096392 0.052041009 0.998644710 -0.000776393 0.001117821 0.120076768 -0.005485588 0.992749453 0.008152999
0.991410911 -0.052320238 -0.119862162 0.002232034 0.052610558 0.998614848 -0.000743200 0.000967103 0.119735025 -0.005569200 0.992790282 0.008084586
0.991563439 -0.052126858 -0.118678935 -0.004131615 0.052458230 0.998623013 -0.000332124 -0.000239200 0.118532836 -0.005896365 0.992932558 -0.001207288
0.991487503 -0.051739577 -0.119479656 -0.004122104 0.051932205 0.998649478 -0.001502953 -0.000311685 0.119396061 -0.004714682 0.992835522 -0.001289739
0.991352677 -0.051161539 -0.120839879 0.002142312 0.051359769 0.998679280 -0.001475676 0.001005105 0.120755762 -0.004743393 0.992670894 0.007593203
