Left:
('D = ', [-0.26696136305774565, 0.0519943539602024, -0.0008040283750041635, -0.0013253863534290057, 0.0])
('K = ', [365.0766441182228, 0.0, 396.42867443090336, 0.0, 364.36833657258836, 262.1196975929074, 0.0, 0.0, 1.0])
('R = ', [0.9992615356513209, -0.004808154631097672, -0.0381217131935005, 0.00500050662562377, 0.999975236054387, 0.004951990656330092, 0.0380969592126609, -0.005138961667179625, 0.9992608332020886])
('P = ', [328.5773744685899, 0.0, 468.07096099853516, 0.0, 0.0, 328.5773744685899, 259.9793128967285, 0.0, 0.0, 0.0, 1.0, 0.0])

Right:
('D = ', [-0.25467985537571947, 0.045642709169531934, -0.0011353367224385248, 0.00319983596191389, 0.0])
('K = ', [368.6716692353049, 0.0, 369.58836584853685, 0.0, 370.7757504682577, 250.7254339912777, 0.0, 0.0, 1.0])
('R = ', [0.9957517432387056, -0.00678754155123423, -0.09182807368538926, 0.006357921345379674, 0.9999674361533212, -0.004970258456026787, 0.09185881924586758, 0.004365307852146159, 0.9957624723869198])
('P = ', [328.5773744685899, 0.0, 468.07096099853516, -38.75016645601538, 0.0, 328.5773744685899, 259.9793128967285, 0.0, 0.0, 0.0, 1.0, 0.0])
('self.T ', [-0.1174321447475559, 0.0008004761903123394, 0.010829574453807188])
('self.R ', [0.9985477505941345, 0.001097976591587574, 0.053862642256006135, -0.001615880448696807, 0.999952875413743, 0.009572663274289649, -0.0538495934410808, -0.00964579697027364, 0.9985024686434374])
None
# oST version 5.0 parameters


[image]

width
752

height
480

[narrow_stereo/left]

camera matrix
365.076644 0.000000 396.428674
0.000000 364.368337 262.119698
0.000000 0.000000 1.000000

distortion
-0.266961 0.051994 -0.000804 -0.001325 0.000000

rectification
0.999262 -0.004808 -0.038122
0.005001 0.999975 0.004952
0.038097 -0.005139 0.999261

projection
328.577374 0.000000 468.070961 0.000000
0.000000 328.577374 259.979313 0.000000
0.000000 0.000000 1.000000 0.000000

# oST version 5.0 parameters


[image]

width
752

height
480

[narrow_stereo/right]

camera matrix
368.671669 0.000000 369.588366
0.000000 370.775750 250.725434
0.000000 0.000000 1.000000

distortion
-0.254680 0.045643 -0.001135 0.003200 0.000000

rectification
0.995752 -0.006788 -0.091828
0.006358 0.999967 -0.004970
0.091859 0.004365 0.995762

projection
328.577374 0.000000 468.070961 -38.750166
0.000000 328.577374 259.979313 0.000000
0.000000 0.000000 1.000000 0.000000

