%YAML:1.0

#--------------------------------------------------------------------------------------------
# Camera Parameters. Adjust them!
#--------------------------------------------------------------------------------------------

# Camera calibration and distortion parameters (OpenCV) 
Camera.fx: 459.980183
Camera.fy: 459.558577
Camera.cx: 384.553671
Camera.cy: 249.446601

Camera.k1: 0.0
Camera.k2: 0.0
Camera.p1: 0.0
Camera.p2: 0.0

Camera.width: 752
Camera.height: 480

# Camera frames per second 
Camera.fps: 25.0

# stereo baseline times fx
Camera.bf: 47.90639384423901

# Color order of the images (0: BGR, 1: RGB. It is ignored if images are grayscale)
Camera.RGB: 1

# Close/Far threshold. Baseline times.
ThDepth: 35

#--------------------------------------------------------------------------------------------
# Stereo Rectification. Only if you need to pre-rectify the images.
# Camera.fx, .fy, etc must be the same as in LEFT.P
#--------------------------------------------------------------------------------------------
LEFT.height: 480
LEFT.width: 752
LEFT.D: !!opencv-matrix
   rows: 1
   cols: 5
   dt: d
   data:[-0.375525, 0.108846, 0.003393, -0.005458, 0.000000]
LEFT.K: !!opencv-matrix
   rows: 3
   cols: 3
   dt: d
   data: [459.980183, 0.000000, 384.553671, 0.000000, 459.558577, 249.446601, 0.000000, 0.000000, 1.000000]
LEFT.R:  !!opencv-matrix
   rows: 3
   cols: 3
   dt: d
   data: [0.999315, 0.014379, 0.034110, -0.014334, 0.999896, -0.001557, -0.034129, 0.001067, 0.999417]
LEFT.P:  !!opencv-matrix
   rows: 3
   cols: 4
   dt: d
   data: [419.840180, 0.000000, 358.597351, 0.000000, 0.000000, 419.840180, 246.562304, 0.000000, 0.000000, 0.000000, 1.000000, 0.000000]

RIGHT.height: 480
RIGHT.width: 752
RIGHT.D: !!opencv-matrix
   rows: 1
   cols: 5
   dt: d
   data:[-0.382086, 0.112907, -0.000614, -0.000349, 0.000000]
RIGHT.K: !!opencv-matrix
   rows: 3
   cols: 3
   dt: d
   data: [460.666525, 0.000000, 369.939374, 0.000000, 460.493649, 241.848571, 0.000000, 0.000000, 1.000000]
RIGHT.R:  !!opencv-matrix
   rows: 3
   cols: 3
   dt: d
   data: [0.999913, 0.012404, 0.004381, -0.012410, 0.999922, 0.001285, -0.004365, -0.001340, 0.999990]
RIGHT.P:  !!opencv-matrix
   rows: 3
   cols: 4
   dt: d
   data: [419.840180, 0.000000, 358.597351, -40.411603, 0.000000, 419.840180, 246.562304, 0.000000, 0.000000, 0.000000, 1.000000, 0.000000]

#--------------------------------------------------------------------------------------------
# ORB Parameters
#--------------------------------------------------------------------------------------------

# ORB Extractor: Number of features per image
ORBextractor.nFeatures: 1200

# ORB Extractor: Scale factor between levels in the scale pyramid 	
ORBextractor.scaleFactor: 1.2

# ORB Extractor: Number of levels in the scale pyramid	
ORBextractor.nLevels: 8

# ORB Extractor: Fast threshold
# Image is divided in a grid. At each cell FAST are extracted imposing a minimum response.
# Firstly we impose iniThFAST. If no corners are detected we impose a lower value minThFAST
# You can lower these values if your images have low contrast			
ORBextractor.iniThFAST: 20
ORBextractor.minThFAST: 7

#--------------------------------------------------------------------------------------------
# Viewer Parameters
#--------------------------------------------------------------------------------------------
Viewer.KeyFrameSize: 0.05
Viewer.KeyFrameLineWidth: 1
Viewer.GraphLineWidth: 0.9
Viewer.PointSize:2
Viewer.CameraSize: 0.08
Viewer.CameraLineWidth: 3
Viewer.ViewpointX: 0
Viewer.ViewpointY: -0.7
Viewer.ViewpointZ: -1.8
Viewer.ViewpointF: 500

