%YAML:1.0

#--------------------------------------------------------------------------------------------
# Camera Parameters. Adjust them!
#--------------------------------------------------------------------------------------------

# Camera calibration and distortion parameters (OpenCV) 
Camera.fx: 464.171182
Camera.fy: 463.936132
Camera.cx: 351.531858
Camera.cy: 277.788378

Camera.k1: 0.0
Camera.k2: 0.0
Camera.p1: 0.0
Camera.p2: 0.0

Camera.width: 752
Camera.height: 480

# Camera frames per second 
Camera.fps: 25.0

# stereo baseline times fx
Camera.bf: 38.750166

# Color order of the images (0: BGR, 1: RGB. It is ignored if images are grayscale)
Camera.RGB: 1

# Close/Far threshold. Baseline times.
ThDepth: 35

#--------------------------------------------------------------------------------------------
# Stereo Rectification. Only if you need to pre-rectify the images.
# Camera.fx, .fy, etc must be the same as in LEFT.P
#--------------------------------------------------------------------------------------------
LEFT.height: 480
LEFT.width: 752
LEFT.D: !!opencv-matrix
   rows: 1
   cols: 5
   dt: d
   data: [-0.39443196266938496, 0.1254954644452372, 0.0011513930017305488, -0.00012507694303954476, 0.0]
LEFT.K: !!opencv-matrix
   rows: 3
   cols: 3
   dt: d
   data: [474.8295096499824, 0.0, 401.5680511938268, 0.0, 475.2191266488672, 214.05115945690542, 0.0, 0.0, 1.0]
LEFT.R:  !!opencv-matrix
   rows: 3
   cols: 3
   dt: d
   data: [0.9958031603596934, 0.006129830218029643, 0.09131533824689565, -0.005643403678477136, 0.9999684841800435, -0.005584141974181675, -0.09134669021135129, 0.005045376910023414, 0.9958063699129801]
LEFT.P:  !!opencv-matrix
   rows: 3
   cols: 4
   dt: d
   data: [443.6224435511066, 0.0, 320.84138107299805, 0.0, 0.0, 443.6224435511066, 222.76853942871094, 0.0, 0.0, 0.0, 1.0, 0.0]

RIGHT.height: 480
RIGHT.width: 752
RIGHT.D: !!opencv-matrix
   rows: 1
   cols: 5
   dt: d
   data: [-0.4013656131957505, 0.14322052153117448, 0.00047367669720385907, 0.0013058112541160314, 0.0]
RIGHT.K: !!opencv-matrix
   rows: 3
   cols: 3
   dt: d
   data: [462.9948281227462, 0.0, 363.90616126222085, 0.0, 462.97193486648536, 221.31766453254573, 0.0, 0.0, 1.0]
RIGHT.R:  !!opencv-matrix
   rows: 3
   cols: 3
   dt: d
   data: [0.9956650954748747, 0.006333618592450529, 0.09279495098621501, -0.00682776577524474, 0.9999641469247065, 0.005008640500407358, -0.09275990118325415, -0.005620510712496607, 0.9956726422834985]
RIGHT.P:  !!opencv-matrix
   rows: 3
   cols: 4
   dt: d
   data: [443.6224435511066, 0.0, 320.84138107299805, -44.90738147736538, 0.0, 443.6224435511066, 222.76853942871094, 0.0, 0.0, 0.0, 1.0, 0.0]

#--------------------------------------------------------------------------------------------
# ORB Parameters
#--------------------------------------------------------------------------------------------

# ORB Extractor: Number of features per image
ORBextractor.nFeatures: 1200

# ORB Extractor: Scale factor between levels in the scale pyramid   
ORBextractor.scaleFactor: 1.2

# ORB Extractor: Number of levels in the scale pyramid  
ORBextractor.nLevels: 8

# ORB Extractor: Fast threshold
# Image is divided in a grid. At each cell FAST are extracted imposing a minimum response.
# Firstly we impose iniThFAST. If no corners are detected we impose a lower value minThFAST
# You can lower these values if your images have low contrast     
ORBextractor.iniThFAST: 20
ORBextractor.minThFAST: 7

#--------------------------------------------------------------------------------------------
# Viewer Parameters
#--------------------------------------------------------------------------------------------
Viewer.KeyFrameSize: 0.05
Viewer.KeyFrameLineWidth: 1
Viewer.GraphLineWidth: 0.9
Viewer.PointSize:2
Viewer.CameraSize: 0.08
Viewer.CameraLineWidth: 3
Viewer.ViewpointX: 0
Viewer.ViewpointY: -0.7
Viewer.ViewpointZ: -1.8
Viewer.ViewpointF: 500

#--------------------------------------------------------------------------------------------
# Map Parapeters
#--------------------------------------------------------------------------------------------
Map.mapfile: map.bin